20
20
984.5922496877569 995.472220968 1278.228082009166 1128.7302584883837 1317.8671852909945 620.1494437304577 1402.326075730363 1329.709016956551 543.9683004120677 1171.9447375143525 1239.7260912642116 1091.6789562225495 1123.4126964729057 1527.9795922116414 1316.0400704457763 1378.5886867994873 546.98631526411 1076.6718554204683 1274.9201663200483 1609.151704846789 
88 86 155 115 136 28 162 150 20 110 120 92 119 194 165 150 21 92 141 205 
16 28 24 34 15 10 26 32 29 31 26 18 32 15 23 14 28 19 35 17 
5.0274727352980655 7.070345910884991 7.238668612691898 2.170593229913937 5.108765013964148 2.5613973958265635 1.60181023826279 2.7748323312752206 2.248396587572036 5.152840010319975 4.004973981498598 2.5918103305981144 6.733515193355427 4.689916295048442 2.576099129745387 1.2098018811430038 7.194732534936379 4.18306281024752 5.288099109030907 3.0093157979943053 
5.341263833486697 7.623692616077324 4.4911066151315815 5.094139282440326 5.607930235275457 5.549684408940449 4.605097227832863 3.196189463745429 0.7615045854826643 3.2543949031836004 4.264397950597245 5.227057727084899 7.921677982790644 4.413606962206816 3.634047663439511 2.987714236646119 4.866334984357231 4.866649912231572 8.280277400888341 5.974784283095037 
1.9220333481880978 1.7161133645405071 8.390714529798355 5.040375963670682 1.5472399498298215 5.5379150268919215 5.770744035231065 8.426517832846322 6.361894407536023 5.62339255902662 9.693145970408022 7.4687830560260915 1.0959179862723876 3.0681458978217013 3.3447662916293215 4.6011447435182875 7.268296933734769 9.89498895860862 6.730343555831105 6.673076876114566 
3.761690258475321 2.6538120337474225 10.231118636187288 5.778813585853094 3.387672510814581 6.138901564787397 6.643414212237645 9.742140631675309 7.973136890544446 7.468519952121088 10.967968529267853 8.274044671542237 1.054446549265861 4.912909990539655 4.900396394082978 5.990510773027259 9.078536074418613 11.073249072446687 6.565238878928307 7.217929732462302 
4.875728462404345 6.504096143763059 1.784544305368947 8.189432158797413 5.248907228039489 8.789290261324982 8.122461046127823 7.661866950150951 4.893532414267121 1.590932250049644 8.693738489503007 9.264205881496055 7.653375768816504 3.790296029062647 5.345887842222936 5.906391554603178 0.5347617059573354 9.323649876295368 11.311941788064445 9.5874650739936 
3.561616386386668 5.6527105739167105 6.5440109386265455 2.501838590977483 3.658515836592959 3.090702320971848 2.4757985090708674 4.037112999791538 2.29768773705571 4.111593930512342 5.313925298307515 3.9078489310095135 5.4632643349293435 3.2464512395642107 1.1230319063327017 0.267857391833328 6.224324409543743 5.577874159982318 5.696474638045622 3.9209391990603475 
4.982859004807191 5.446807636206427 10.633548042059859 3.001618114196794 4.708009222158134 3.0929431902121216 3.9284201138844854 7.529857847442868 6.756156055091118 7.886179769995044 8.591470274899244 5.287849602183955 4.077866487561632 5.740654044751057 4.19201915764296 4.485371226954929 9.911563601694809 8.504375927150825 3.060266385152058 3.996411224109002 
4.917223315281589 6.258539827233777 9.328194227732551 0.710498022422868 4.790103980541401 0.9802197374969286 1.6406261488131926 5.2499696783443905 4.834476384253951 6.7859429783419625 6.299969017328393 3.1307888436153384 5.326023442673703 5.227036679299425 3.0620533896539017 2.6812629603962868 8.902059762645369 6.226141541878427 2.942321787212701 2.1011762200777397 
1.4868463883074474 3.274274028493915 5.055957356712728 5.968752339254674 1.8536924106654842 6.590928278384265 6.258645487071078 7.400552703206543 4.6447357625243875 2.408397963831227 8.656012480927656 7.789075982676196 4.258367266273328 0.6768276078949886 2.9732777505452255 4.153643713927271 3.883546371677925 9.091977624692744 8.727545058056558 7.6107940813461905 
3.712662493872312 5.840713573527094 3.1613570368495796 5.980827919310529 4.065221484906669 6.5686994483260985 5.868713388431148 5.640388862132211 2.7730583932898356 0.7542288370651249 6.778864181618113 7.010880594378009 6.577929459581723 2.5656954695987104 3.3011704199784235 3.669813510612181 2.7677606211993537 7.345197568477557 9.151763590864325 7.334496985922865 
7.03542812993498 8.972966663408133 8.837276396850339 2.815687600165184 7.082686629890781 2.730546278302803 1.8892957510752946 2.1534430394740127 3.725598034945638 7.062517222353208 2.8947923966786364 0.9857970142907245 8.436181123556123 6.754590684119294 4.585475689003462 3.25093682880067 9.01625128976497 2.7191843726307696 4.9444850858532305 2.2992169577894592 
4.400269762855441 6.059718124660371 2.19127881211314 7.789285144797933 4.773712642863685 8.394312113930136 7.755296269446878 7.47424619251295 4.656277995481865 1.214237090231582 8.546828383357989 8.945109102421128 7.1862584339317515 3.3136168749615873 4.91097299361706 5.527260551254676 0.993552452425098 9.155958858734799 10.889947498342117 9.21767319306263 
8.951025247340972 11.052444421555187 9.157642105313089 5.242413684199356 9.065048918619956 5.15222336657268 4.3118561418412025 1.6813797561661505 4.552090779566304 8.066059447341441 0.9589428062570593 3.0950182391904364 10.690158070393174 8.439977699122256 6.530472582988322 5.165478445032986 9.728223795936684 0.3249463726615177 7.116276773302854 4.5526193013544844 
2.577524991602207 4.038148298419528 4.211414855302973 6.923194479596456 2.932391188583247 7.547255119899972 7.12514259359496 7.821848190005529 4.962076491905343 1.9321181506374006 9.03266754012159 8.57267387649425 5.22293912658697 1.7221706207309984 3.9003019691528684 4.935853424400861 2.8913745391967316 9.534623381499106 9.780025847388275 8.523437256550292 
4.332769455436551 5.192339197252258 9.690934597698305 2.1854225897330832 4.106910129803457 2.43262870681606 3.1124650132593357 6.6236144312326495 5.744229932736827 6.974068246820847 7.729978867864961 4.621165969910443 4.040300634611774 4.956886177323153 3.230423495884377 3.473086204072424 9.031265404660507 7.695089662407646 3.2970723595982547 3.482014440694892 
2.3540913180522365 4.443242321055348 6.421676725481685 3.1142420229382695 2.4411320275610784 3.738318205294014 3.392810801731216 5.228692060506106 3.121618511805899 3.7272044430700566 6.510631652511729 4.975533739426047 4.362700079832627 2.2023895868005665 0.10288010284831056 1.4672946387568544 5.818887138990344 6.792329445280542 6.064432165954335 4.737019225590668 
1.0768855720264447 1.6429091687718103 7.544983033771048 5.096572050708474 0.705256953355799 5.647861430167971 5.726266546583757 8.059188103917785 5.801733944602567 4.791442358672617 9.33974461110173 7.4211145180546865 1.8160767321273932 2.235929617337065 2.916656853038942 4.258224293850778 6.411850926602359 9.599812530705364 7.150058392890216 6.778697181859891 
2.534100814166465 1.023729704416493 7.752043898792971 7.397309917037482 2.441322829412825 7.953109392022918 7.996947694960623 10.020152555979202 7.474275104492988 5.381557709473971 11.303451890245057 9.681433515371157 2.6390254452003337 3.292812866452119 4.969319717804221 6.338892232872327 6.331990092612322 11.638350535331288 9.357960066843905 9.08288365123457 
6.287197539299738 6.405509954326243 12.079832475435808 4.13910786860365 5.9834995301157825 4.054487728079214 5.018393185671588 8.67827088673648 8.144584762691085 9.32415373528006 9.65473034584562 6.129596398688202 4.87870389856611 7.121370061503377 5.641941917633522 5.882159171689762 11.33360127545086 9.484324700630864 2.8899292360245337 4.712239972214146 
6.0217537936646455 7.6115572694466 0.9945085609168979 9.137568493935296 6.394930822051171 9.723239256984023 8.995899107243321 8.134072295351995 5.524303702148963 2.602856248258349 9.06028208771586 10.021810332514141 8.792197135380373 4.9318922151371805 6.3846048030414035 6.821426098428737 0.7058382501053966 9.732256366421328 12.303479049635431 10.460140999042853 
