20
40
419.10422422545724 1118.9450389837461 687.210972575095 1113.5119293278744 1097.6639254476615 1190.5374824334303 931.1638515024973 504.5163953893779 365.1455773367157 989.9555050349373 1138.987800458366 1196.5563193612213 1169.2934868813848 673.6693469849796 861.1173270016403 770.4359179749857 1032.75421432338 985.4837106094755 883.7779548926801 1009.7945413011332 
13 93 40 123 95 111 65 22 10 86 108 118 124 33 63 42 92 86 58 79 
14 27 15 32 10 15 11 5 8 19 28 26 24 6 24 17 18 7 13 15 15 29 22 20 31 21 22 10 25 24 12 18 22 29 13 24 22 7 12 24 
2.4648546329542027 3.2841476105908574 6.035167039360955 9.317659679962826 6.260842076309443 6.409819921974726 6.560181401971733 3.6288631186950897 3.4884464105649915 2.9426235013063 6.301787536276626 3.980347741442729 8.708670630507644 7.656576684794679 3.913570427362248 7.601394778884912 7.210171153252777 6.881841769968719 6.4822077173165 6.85181389442969 4.895886855408784 4.010147721059852 7.964921136767885 1.8707188274258366 6.860368110975489 3.4414392435542007 1.6148695563543414 3.369389159359449 2.875912554021287 6.8449443382480935 5.87123272068844 2.884421101567468 2.0081068591734703 10.395427881928914 5.07928347034947 5.95109500524436 7.667367279464746 5.294322283745876 6.719401950454107 6.737666195594799 
6.978386505145401 6.667157166311983 6.657001542306386 9.475463359603376 12.006647974532811 12.668234265052462 8.600745306913973 4.878387099873065 6.0853065216324085 7.993769010718981 12.326272460629092 10.113960993662692 7.871920439506094 1.0346562365543361 10.070208136064858 4.3376291372753535 4.771385088873445 2.5558053555758464 4.805183894224221 9.043007079135577 8.162000091374516 11.214780323240854 9.011637646643658 9.72930442681969 9.244350142110259 6.950857766850501 6.701597188757976 7.846821037990292 5.642142889852677 12.768134442396724 2.769039022077528 6.0128877577481745 6.878006745177348 8.668493535338696 8.245215776233511 3.9687045496796918 4.151969126115401 11.256229250067358 5.50671170984384 6.344060019879514 
5.549204199974534 2.1461652388313754 1.8965365361160966 5.4609920188601695 7.021642732612169 7.7410707607551945 3.7173635676415566 4.008240797376156 1.7126633577245431 3.402784233997032 7.370991641114273 5.3525766314785015 4.238934864287926 5.086560126406798 5.3215990853754995 2.4885242460590145 2.05908451879721 2.6205637707551412 1.3309124715445577 4.1708253662860875 3.1182280346736406 6.690025034179966 4.5178308344323455 5.822542179320758 4.346685464141546 2.2699356136723807 3.7380520436867695 3.1030313718160913 4.194748791380427 7.782557194759305 2.4036215000158605 4.8141080965484315 5.051268654140464 5.750554830813064 3.197062328771092 1.1704742161017594 2.5861395469328667 6.343846325447977 1.6901540398990467 2.094765702650425 
8.66388683778076 5.68078386472598 6.334609645123717 7.119866261966821 0.4445634313858312 0.4667728737889931 4.902040396749036 9.032189427358858 6.255155620150607 4.450432347568594 0.04558846332282544 2.4048069743040554 7.72486509341806 12.105517578589835 2.4674839896259906 9.265435926665482 8.652811903645619 9.950329460365781 8.124348969592006 4.722647877013743 4.302311335440278 2.5437672117633667 5.913602439236076 4.581663257657585 4.525270981482851 5.361781851358113 6.819352680538295 4.481282944045223 8.505562562847459 0.5876043130553084 9.520404382937004 8.801601913688142 8.124249887377177 9.146831947043442 4.288645013540024 8.496552177281293 9.444398216541627 1.0657400166240596 7.743288510156619 7.087169396528127 
4.79979513366851 3.802782631450718 6.112818085662442 8.73856916521052 4.205486649574905 4.191991650278349 5.907179880854975 5.7582938115065305 4.284713302229501 2.662829188727866 4.154800643305087 2.196074593310465 8.54561165228012 9.552701990010991 2.140038150993723 8.407350274722418 7.897289238256018 8.2151748165811 7.190240016914161 6.060835010060218 4.324581685718162 1.6945246569231633 7.3341526161058725 0.4841239140286219 5.992879509495963 3.724371535479081 3.4800313980810023 3.0926471327364027 5.066745660253947 4.688165448404608 7.385618697970511 5.1777324360204515 4.339921352252185 10.232195425279196 4.471751223941726 6.999161769486299 8.523386565766854 3.2804229443076998 7.18891333761206 6.926765170526017 
7.915823187384309 4.7858543877054585 2.972685009217302 4.96034189915285 8.93075165403976 9.752387704653035 4.722030637607244 6.034955577384295 4.392510518959943 5.94112828741201 9.338958593636375 7.670763575516473 3.3345927977260015 5.121003281842552 7.652789508910779 0.28235924874237545 0.6802904816613873 2.290237851995313 1.3775503680482648 5.101725857571978 5.03294425249287 9.127797610032303 4.704824978996579 8.47289600760095 5.3263189982904 4.842368047609689 6.343734874680971 5.570572088910142 6.450228799104848 9.66293488043142 3.1833146453438492 7.0579404841915725 7.48870499311961 4.200164158187506 5.0237229749712835 2.0073406020647715 0.4089035089766062 8.432479581217727 1.5612472075342305 2.2875813662997677 
8.451520637261325 4.873304410448039 5.0561583662222525 5.702371581146643 0.9921735339733975 1.8947525457283847 3.5018739753827144 8.479285499668913 5.414845273475743 3.826067928271889 1.4508743037803735 2.2462809780903923 6.299378081282302 11.196970481625943 2.3109469694763582 8.008059563563815 7.391383443320726 8.861794669393191 6.911844283754305 3.299549172860144 3.1395313265931413 3.182566407703967 4.482443055106627 4.795640400560706 3.09840656814012 4.521542207522114 6.412166709213922 3.7159212894236844 8.049762911789237 1.6525627961812388 8.549802469051405 8.430127036620954 7.875133851405192 7.716223226878477 3.08556755244312 7.394915772406993 8.19451777855375 1.2483535410676763 6.471346347646032 5.769936285853988 
9.422241500226509 6.598316843533953 7.2318412767708224 7.784666477812134 1.273700020523274 0.5865265999264979 5.727986098445054 9.892341250996164 7.174618765635046 5.350449857820144 0.8881606504052753 3.2632074567174243 8.50212060869625 13.025715269452295 3.322428179149049 10.171503740951435 9.557375097430562 10.87883109199073 9.039600394951602 5.512688062369444 5.219551414543833 3.078458263209789 6.6474003999581734 5.226572397343 5.30515532427564 6.283368882187458 7.652895948342172 5.3990115131061565 9.34243176971676 0.5970238684837378 10.447015417515615 9.612324438563638 8.89925807782901 9.862801613061642 5.199405231169937 9.424226263956154 10.352509627350896 1.9701509815461482 8.644097213772843 7.970937482326245 
7.52056680217566 3.3339737856160707 0.6002171250709533 3.275999926739796 6.376088778579392 7.224418238479981 2.1140803241846187 6.163515568822914 3.2476897951054493 4.069433003272817 6.799414276905123 5.386986991497377 2.1533724534087253 6.897113352830731 5.382228623352292 2.647314838571141 2.041629744370781 4.065517005484027 1.8131792149982173 2.5142995275897713 2.6271032590582104 6.92309965498392 2.4365432813299055 6.736881771014367 2.7344227605568876 3.196950673161493 5.483273400329075 3.621201113699482 6.270310730941086 7.092608156024774 4.331358617504909 6.879597623877127 6.9756615704749505 3.7973028428977655 2.568923659749119 2.7775337244053637 2.8478475601159485 5.960942881652173 1.1457479337979353 0.32919349541742166 
5.97987772465173 4.758698476713966 4.694570000886421 7.729465086870998 10.027798641580599 10.707656620915252 6.632148220202314 3.847446099337945 4.182836892916799 6.0972187170300565 10.356732654987766 8.19369230286036 6.186305371396204 2.2012717629073015 8.153161711686423 2.7609140644868684 3.0404095440583276 0.7369457100753274 2.91416151820469 7.078606366526056 6.164090657890677 9.36791307648196 7.1345511238085955 8.044145542575103 7.275072425688725 5.018714359474256 5.169931723358472 5.914131714158436 4.5034723601288364 10.789670467018029 0.9210697903082155 5.012821853140838 5.727773520133796 7.220244747478524 6.2458203646694965 1.9850441957198277 2.620638213118149 9.297774210165802 3.6430990761540603 4.456989771198634 
9.093114131304135 5.202063958472172 2.5720098985725652 3.0214403295383945 8.082686818102902 8.963610994261732 3.609008174571456 7.458461746274455 5.008645016360404 6.0383146860310415 8.526154927054357 7.321888537523915 1.3810446573944906 7.10931428997665 7.3213847306688535 2.2335978633844205 1.9623465977752228 4.231817739562646 2.418882880169196 3.8689381738231807 4.556546138040946 8.870718332472263 3.078764281471323 8.703641808075576 4.091308083315584 5.113450623136626 7.2091785379639255 5.594493421753819 7.722275983421724 8.756895725793889 4.956153333469326 8.342819073731 8.59069648228308 2.310083810706854 4.474054829909605 3.4919108647519472 2.408154532039265 7.781672191779086 1.8545312606494644 1.768796423113178 
3.5391347181632926 4.619667639370536 6.024522808171245 9.567728474235716 10.003095748072052 10.496303632306756 7.730853981704363 1.5128452011089244 4.109834348696809 5.738627691832136 10.230819305954672 7.819202093663799 8.22240571422123 2.624103129687743 7.762809918452814 5.244101094827329 5.29140011409422 3.4062188616316087 4.840726733922594 8.177142814698588 6.672378769534811 8.600086397232241 8.647736981304774 6.793438013522934 8.324280992280178 4.979478527710214 3.692124669725583 5.774597756444882 2.29377456164998 10.735379995590257 2.345947855403001 2.5843512129508674 3.4879165470369693 9.539739560839697 6.816557662627888 3.7427359252496695 5.163012906027563 9.120032940951493 5.526026442587298 6.159996465269598 
6.216748881887373 3.3063544065893167 2.4771536534506704 5.608099335525484 8.095701514364137 8.84428311366109 4.421020729388162 4.396649504200221 2.8328603636738574 4.576586323030623 8.46203863732072 6.510114141740816 4.157547209277462 4.411622864450623 6.481062251028799 1.462603023210144 1.2477617142830904 1.6334459726721275 0.754681115651016 4.8632715376181395 4.147135838557462 7.862719632987048 4.91944906063339 6.960640315577924 5.064622240960379 3.4434367866787827 4.653241662669983 4.273480364351902 4.763650536099444 8.852897940489694 1.900533795930994 5.376863297647024 5.781612604071647 5.441708943738352 4.197624932647067 0.35845244397698994 1.5087094732317394 7.459351213179117 1.481849891018052 2.2502215565517854 
6.277122826560076 2.6327255515761134 1.4052754632264346 4.807866031405684 7.036470665241791 7.806269637348542 3.337214997767086 4.725456692852593 2.298362394304199 3.7696748254794423 7.4143337893076 5.566081874056566 3.526460682383343 5.441019402695383 5.542944466284298 2.032868392648787 1.5023429500835497 2.7345416274294947 0.807258712438399 3.7842780395017908 3.0797639978735356 6.985316024303883 3.958200827909644 6.3121488843162945 3.9801228123795007 2.6707677749070866 4.42453840195582 3.408167490171449 4.925891190837227 7.789860552008853 2.8146917160814713 5.545380599560611 5.7737622812764755 5.020197225651588 3.117432992035294 1.3108073054202722 2.173099639367819 6.437731971231698 0.9684917806687559 1.404331834150104 
8.806801296389148 4.7132646781424 1.980142181489528 2.5361818175698323 7.29949792830416 8.182853356824136 2.8226560221921164 7.308879917487135 4.594164859699987 5.433793783685407 7.744455825691249 6.601740475557576 0.9877106132569622 7.401609677496012 6.604360804733163 2.617680232238662 2.1828636523411156 4.4955133931491424 2.416085617009507 3.0808320668854043 3.845597632748209 8.157484298948322 2.3487320831911664 8.099945005633767 3.3036219647355107 4.5817482231007025 6.825776322347531 4.9794046701323795 7.4962564212149605 7.970359228317072 5.0631060794213365 8.113590879729689 8.278633503681776 2.4599435044566964 3.7501924151529895 3.520296347822309 2.8151581280171385 7.01564984541366 1.716582210661901 1.280063396597362 
9.065311635577814 5.020927143363374 2.3030206674622486 2.5628111570553584 7.6098375029560215 8.496122561677312 3.129923586167005 7.522835927788915 4.883461279150692 5.763697561884406 8.05669541926951 6.937382815443885 0.9338524201484377 7.443668076719191 6.940274458841332 2.601115040287472 2.231831970916545 4.543975401813435 2.5578638948391252 3.3688920851903728 4.182226535325417 8.49356750222621 2.5519216131604763 8.430564936225666 3.5890540552277024 4.898446065954421 7.109875927742758 5.310506323890605 7.735259950036767 8.274167704932768 5.17853724190279 8.354205832254253 8.544251569716746 2.20975870391781 4.085999181917013 3.6598384066955054 2.789869244725463 7.3400867742946385 1.8970834228705644 1.5706194954982053 
6.704356569061445 6.8674735905912065 7.11667662671899 10.069490486602808 12.274551571219444 12.901568020466183 9.051424092627709 4.672951571520173 6.286899676519719 8.170476324681687 12.575455918217333 10.30271040168455 8.483342738480783 0.553906909128408 10.255583443960852 4.958905635219542 5.354618972336283 3.072226692690947 5.320274985451889 9.499087628386228 8.499438265603471 11.327956292357923 9.542656787540938 9.736098816050854 9.693719904883208 7.17300111284493 6.658686855674699 8.062416230954085 5.452022557336297 13.033594690964971 3.041967869055166 5.7600090553292205 6.663777747515736 9.338110922232257 8.59510166802261 4.4040108722658475 4.781035684631789 11.490020049638263 6.039454712599149 6.8655342135172575 
4.9094779636618515 2.1506075499792714 2.6431783507008784 6.224080750329454 7.395862084904553 8.063300166880882 4.401082366657179 3.2676953903348274 1.5987750030679215 3.4867293419795105 7.716462348819634 5.556576086848888 4.985498545979984 4.525674337323401 5.5178736877519015 2.848101026523664 2.5456020523014784 2.3868034300920273 1.8627355404081716 4.853155371071621 3.606922606678621 6.784648980842248 5.266330612101112 5.679277079252363 5.017453686668368 2.3828894605768975 3.264599469093337 3.2746897963440413 3.5062563986033646 8.157226933362203 1.861250877899558 4.126714478876913 4.442979921303109 6.464408495045955 3.7130124449852095 1.1757590599414443 2.896934011050099 6.652662797630383 2.372351587926045 2.8506041953682586 
3.3154300231601304 1.1492843064831695 3.850589036345653 7.344482554404569 6.025980748550781 6.487367222684854 4.773783356757454 2.8834955516950127 1.1835891305165398 1.773400962844824 6.23203047602055 3.8085382290123695 6.54256423518322 6.1681895123029875 3.7517309324904846 5.2985672845173255 4.892703594706394 4.784803303545252 4.1640614982574835 5.14633721407799 3.2527043647660476 4.674263398583999 6.074698019159487 3.218238617030714 5.215085047476463 1.4478779103149448 1.1206543056674458 1.9319556608951947 2.4984286631221693 6.744988530830275 3.916394364555506 2.9707416889236864 2.723834679317644 8.201867879044054 3.4337883206793043 3.6960522070557227 5.3740532723323895 5.121484181744631 4.409969776467614 4.489114737322391 
7.044132729309273 6.237861506022046 5.994610324371457 8.719761431139835 11.486739384071427 12.177586160625506 7.9382986742602855 4.903382877852641 5.6613135387036815 7.576010255254757 11.822224533287052 9.672867284536064 7.109498540098284 1.6182048442061685 9.632489836743055 3.575214823794601 4.028613606985497 1.8944115653085505 4.110075135328305 8.375313482792828 7.59452854755144 10.841573988711207 8.291690458153369 9.4694520871463 8.581229906522285 6.497706388715624 6.519421202201232 7.392796146500076 5.634405781649247 12.2485428667488 2.3635307446641107 6.067964846242502 6.878336817819923 7.891252640032627 7.66652070815627 3.3517594705636755 3.386385884841368 10.769129361243454 4.794567822288193 5.636590075028812 
