20
20
2091.1059861817976 1710.2479260084253 1421.1581971020084 1596.363225448091 1201.6919507178661 1921.5023250369945 1152.3380871755417 1763.888033574386 1032.0755485903464 756.8710308240153 1042.832292312414 1191.3026147012079 2134.7107247112667 1920.6808695667592 971.9726613307564 1590.0730950528623 1813.5153148468721 705.8129888530337 1957.2863558654965 1366.6592420674244 
387 266 177 231 139 284 115 260 77 48 86 137 392 301 77 220 282 34 319 169 
9 26 14 16 19 33 25 12 9 30 18 22 6 22 19 18 28 33 22 20 
9.256993540462663 8.83471373940454 9.635616751090067 0.22676017129043172 9.115669725018273 0.6341635312118764 4.082542607816619 2.9873429024181544 2.95138671521392 5.690593372113826 6.457407954165216 6.070006515232062 6.140469599545604 8.271698816064944 8.177300513448998 8.071198241397546 10.349143769341222 7.310545606332744 6.74987051526411 10.621166011159032 
6.584145365898692 6.162979294354459 6.978737167770691 2.7708042961072987 7.065843607030295 3.2920941908986023 2.874894792927064 0.821282206824453 2.63762095002547 4.265155916092093 5.922258722500818 4.242709282654701 3.7655553249568947 5.634414969599552 5.53539751695293 6.509738970000063 7.717342534222748 5.608042954503957 6.2424203734994155 8.100156451213605 
7.516352498729399 7.101066727691087 7.5729880280255575 4.372187198871182 5.408862746208717 4.420746620983585 6.254626537152791 2.6154921103333777 5.856529069406603 7.591020629824026 2.5556570328287265 2.4525467692685177 6.474418877662016 6.192325512929041 7.19786057329058 4.006335764006802 8.00728965794 3.3795149686835853 2.8749376765859487 7.744559198030592 
5.732098511534232 5.500078747125196 5.278076008900942 8.951856474250627 0.7544624830906386 9.148903560955427 9.196711432871082 6.114699697895928 9.434138079540656 9.920852076937983 4.305613820387625 2.6900493381977957 7.714959480226601 4.516988942271183 6.602082469309587 1.3154677275043933 5.12560672207118 1.5157112436021638 4.358818255203079 4.05842862643304 
1.530529078997382 1.108321616445329 1.7899700186386667 7.956445132246573 4.388542724293229 8.444960185327728 6.08771629869068 4.931017803559642 6.91989502995285 6.135182810796107 7.362428221443453 4.130797812249468 3.594868136146208 0.5429709517656414 1.8091389513151688 5.536844451768152 2.5583155776881967 4.756290958836933 7.59507398855508 3.321241574448992 
6.990242785353875 6.626125058394566 7.576698396331985 3.5593494547505458 8.86882450339764 4.199482253378058 0.5412830129660996 3.142879528039157 1.096657151326811 2.1092928612331976 8.26880836772196 6.3401367348466975 2.9821361567221576 6.451423281970835 5.510036642857247 8.642143092415662 8.439320414250496 7.704009382405031 8.58896901295344 9.184703625736587 
9.159019747809584 8.738732641690147 9.55198819687551 0.19444855780921702 9.141198851304665 0.8013228160975225 3.8711129614181767 2.9459556802711058 2.730894310085694 5.477966524395432 6.596905242261114 6.106777726315416 5.974302505414188 8.196827772451552 8.050210901096653 8.141885339582506 10.277246158401649 7.365552971291233 6.892612795051808 10.579643389733473 
4.705440794852618 4.532559924834251 5.465641118118274 7.406027918855208 8.76799144225713 8.041059693154777 3.666777512139358 5.683319708693448 4.972849645793643 2.5579042863406523 10.283725370859838 7.403061329887116 1.5885944371501655 5.004431020527111 3.0077446212223116 9.444438135933632 6.36684349543592 8.521055149581304 10.582488600117381 7.60881960372082 
8.287390312649197 7.967615286826084 7.995120525643076 7.99188023680475 3.8464017683083505 7.972454253039986 9.58136436995457 5.9653108733441105 9.386920520098299 10.709434268704989 1.6091755778621444 3.1344303270719154 9.011360124294605 6.930889028183623 8.717586160634644 1.7910882195129059 8.023392788645568 2.2891920987331487 1.4970233936848083 7.109848315346819 
8.674542538898294 8.250928636899808 8.789272251116408 3.595301271776945 6.727980055911322 3.477809882493126 6.316418657579323 2.982324617306842 5.651292350206751 7.799420614280578 3.110127693362629 3.7909890018292107 7.102347990936936 7.390304146193348 8.188928905755807 5.211419340494407 9.270812332673572 4.668681209314174 3.3925134885850743 9.066000576963107 
7.915607351330482 7.490448401710616 8.049155102589783 3.505360190553767 6.243338826524026 3.5287749074101167 5.754072349107917 2.274098248336027 5.209882919960576 7.185423384473345 3.2543082364591847 3.2227510073095167 6.362675919447946 6.645350072471886 7.410797388676337 4.900094739148869 8.554934483906187 4.249449502481352 3.56362473138255 8.41216148911726 
8.014974341777698 7.587918688865349 8.169986372408903 3.2555236844686206 6.47022921209584 3.275500063163248 5.6034304337119965 2.202763031372566 5.018285597264883 7.058522333264921 3.4831493522624606 3.4368236101086675 6.322135268069905 6.762639064256794 7.458894618138344 5.149302399729842 8.69530816655329 4.489154672820847 3.7896909281989126 8.587262819927554 
4.48133348011584 4.204339223799572 5.184864306497861 6.266623006094684 7.868228235956423 6.891928261448623 2.8419949535871942 4.382596854787134 4.066817068890726 2.312819838674965 9.024190645659168 6.230268123738584 0.3414851598281715 4.4130249935402945 2.810016745708123 8.352507695475712 6.095811852030318 7.411769293083275 9.326797759865569 7.159062442662179 
8.483283182452507 8.052603876503362 8.714987961871532 2.2841039474368454 7.386403039030126 2.278407224029923 5.105678964479806 2.2170630651054273 4.339596298528013 6.645782239524561 4.404249086456703 4.327773272458224 6.27742083578004 7.305582388237819 7.742443823922623 6.1358420417193615 9.307494510973136 5.448931143209483 4.70040939700018 9.322630168720178 
2.4672812078337887 2.05422027571671 2.941509077068141 6.889611531354788 5.171114113607174 7.413164871428773 4.834754609794673 3.996373039780548 5.68444689294142 4.938670380280322 7.266856275953821 4.113751258189252 2.441308715593133 1.7913719295854469 1.6794411301986556 5.934720080077084 3.7746473258908315 5.049723398143159 7.533061940243067 4.56334038715844 
9.361289032041372 9.03666664970881 9.075979103207443 8.295558575632224 4.876535260462754 8.193670063332867 10.266812503491252 6.610425428635233 9.956400982200485 11.479090582284696 1.6114079823979386 4.101238577691752 9.911961686295957 7.999947042503299 9.749513664028143 2.847417402097323 9.102340975441738 3.3644199130739576 1.32759275224857 8.165881238316299 
7.81272492870697 7.427559634833575 8.348990919307425 2.531049718099365 9.136410761948007 3.1659582239574884 1.4772584414781111 2.9637126404025342 0.49891827603109984 3.077057088565261 7.910135314324847 6.388837742562062 3.9915355999665425 7.1380452209174905 6.4230930030418465 8.662433192821911 9.180377155935508 7.756756508026767 8.227971184621538 9.801996561211398 
6.403763507355789 6.007950004162531 6.366735822133746 5.496451310759461 3.991875181687827 5.64970686166428 6.573908796477259 3.003187190542 6.454900387970004 7.7018278202834045 2.601580434868195 1.0285402272008857 6.1379150422259 5.035647730933684 6.343558114188173 2.799022571309253 6.71937108067581 2.0318687828589623 2.888645336033273 6.354025818827198 
4.911102040630146 4.611198658684248 4.60298066065628 7.79901435533591 1.5107176090448786 8.048129493005622 7.853688603257418 4.856790206897232 8.118661509659171 8.581954074573634 4.148596654487825 1.5890208443443155 6.4160375081498575 3.579934075462841 5.523650423508428 1.7897090739335213 4.677266356886085 1.1257744296172483 4.296963957616368 3.970849729816883 
2.1133218098277258 2.0843368105882583 1.4607172922809817 9.685256803869768 3.2614910214378834 10.107230065419571 8.212384076246801 6.559698078319477 8.970977909744505 8.290118971957481 7.572359754483919 4.576586618420104 5.743459535869898 1.6158850125867525 3.576146130902808 5.041577793025271 1.2404955730112268 4.564402245553355 7.733701911073903 1.1726145737145868 
