50
50
973.0180576848662 1130.2890540041694 840.9383088986335 584.178038707136 697.5812051804454 1183.108086555407 366.2826539221964 466.6418705067456 646.0769364709013 1178.0019277695037 618.8679755023147 1114.3297940910888 870.4236591155573 1007.8326011441669 1151.2364212930754 401.46624329079134 1093.123639479246 823.0140691283733 968.331763724075 1122.9253346257165 900.1222850513082 476.52738832078745 811.9683318670131 1059.7943602821047 892.9610687171349 904.5355739238496 961.7971797570425 498.7535233259097 762.1992045812322 919.0145130884348 598.2636332633582 1032.0537534808307 1118.7500778406566 418.33204386507947 890.5867647919723 1153.5137109779716 1235.2852380294655 445.40809138630334 941.9331528372095 437.16008346492356 1136.493928526188 1045.8275672557918 774.7054890403209 797.0884579913059 1093.0774574290256 577.3705120789862 650.8564911151623 722.7176117503506 1230.624187808631 900.3275884042048 
80 109 64 33 44 116 9 17 29 106 33 97 70 84 116 15 104 61 73 103 59 20 51 95 65 66 77 20 54 75 31 87 109 12 64 121 122 15 85 16 114 87 47 50 104 22 27 35 114 64 
35 28 29 25 13 26 23 35 22 23 17 29 14 23 11 31 20 35 30 25 11 32 26 26 27 25 25 34 6 10 5 13 21 18 20 25 27 16 9 7 23 10 24 19 33 35 19 16 28 14 
6.699665741756185 7.0772745735256155 2.66728794357841 8.155929877025596 1.4753095740963804 4.679188142519893 5.915777185394763 8.210454696262856 0.8223879978502899 8.94696806405709 0.685418725283095 5.6923628653007095 4.3197231274914545 9.19231392505496 2.5042689695645133 6.371021308297561 3.316842301703269 3.7919380625998587 2.392417998773115 0.5710500228189475 7.6215423304186904 7.8575827598331385 1.3480766219862144 3.450117203699233 2.6434719070707517 3.8749500275163333 6.017838892036782 3.9698924293018187 3.30882067545716 0.9804518269144498 6.031321474092107 4.499997103323993 0.8503485064911686 5.164155643167363 4.416077656470952 6.0222443542904855 3.249763764440425 2.4749478352218963 4.788543504496739 4.009976595573012 7.6895658511710625 1.0430614708721602 3.6018811479021764 5.07509749400191 5.741542390317919 4.118613313948629 2.7854707312568467 7.184196026899455 2.9592971595608124 3.466739817739736 
3.8435036846956576 5.387809603529021 2.098765854844852 6.016199221165258 4.483924917652364 2.213619379730149 4.3667705079853425 5.499852263204378 3.0192430617109007 6.721341154911592 2.8772640199256445 4.609376054748879 6.279800719692589 6.731130887840298 4.386735205175063 3.5236014036789216 6.214671921730685 2.1319439558682447 5.1140539837816 3.43286259750455 6.387472835854733 5.054163452480177 2.6845359188640705 5.922896846315508 0.781328882348775 1.7529187675115112 6.357091788695175 3.1026275281900446 5.286695102176725 3.3212776653238416 6.035172943946691 5.966177297023785 3.500992769347815 6.634047881924118 6.0439962536238445 2.9105784964445314 3.9564159619933257 1.5476108814891554 4.631812946487372 3.126804534070598 8.708814029004495 2.9674108845920504 6.556085945169459 1.9612398255369436 2.663356712940787 3.234677494757135 1.6810213280453734 4.674196205113877 2.4369183036474067 1.2008475685211168 
3.789688746235637 3.49960891300545 3.2117853328120347 3.6558746101485906 6.892729315103839 3.580872904559827 2.882384534691727 2.885229971622624 5.055852733199587 4.26691951301987 5.3630780971693435 3.5439541111388015 7.36102058108589 4.159465329984823 6.998798478531998 0.9381390162209811 8.69759300826783 4.248087978989123 7.641510543697548 5.584933756507061 4.768997199950848 2.4553890976776924 5.271607737757584 7.441805023775157 2.806722205412702 3.721564827519534 6.141431546629547 3.035165298564166 6.5454064862047385 5.846444323905477 5.598779674919399 6.725319408323424 5.546418170284228 7.283807457789467 6.911323559794963 1.5673731816675445 4.730183591142897 3.0645134414209965 4.444482071035309 3.025937745505103 8.733554845068157 4.914144696081064 9.012926587485095 1.7274382866856088 1.093473566281356 5.435854921398252 4.193884139899575 5.100987134317246 3.242669133533794 1.9826569707455812 
6.84341911310225 2.701255815386837 2.0171226803825983 4.035784900976695 5.86761341994656 5.817218856190153 1.6003709431728246 4.921565457453831 3.7666548620354483 4.840286686149829 4.884855039594056 1.1705742235406549 4.39539154116914 5.345103193108023 6.895503829417605 3.894986509449309 7.663511346008559 5.846803862509145 6.889120734315993 4.3097447721661 3.0987577068332057 4.845303182926987 5.213864261310485 4.877471926835257 3.1228167886959337 5.475709192554491 2.8462709219080677 0.6466679299628384 3.829561466752084 5.3802783897416715 2.3867458200458262 3.5896229096915904 4.100371542239131 4.060102508224125 3.8293026377330386 4.843872995895538 1.9455302812603184 2.519702473186947 1.1088616458823977 0.6147406917069502 5.412560658431818 3.542037067143605 7.863785553076217 4.553867247869159 4.364344718426753 6.884918936923095 5.194110587092845 8.00036405135354 1.635739275349086 2.5795949601267907 
10.102203180310113 7.19227587354065 4.4206972312798705 8.64030789643474 4.224145397818854 8.328312072667302 6.239886430349281 9.601744997816212 3.5326164455062674 9.4225150404339 4.747358892757158 5.540879037987789 0.5420248156088354 10.00974344970864 6.14093344917178 8.309578871848073 5.21047699200963 7.6694561109032175 5.1678588098451925 3.4927478879781395 6.988306135142266 9.474702223124742 5.411648782656659 0.8041370179341435 5.50149830235994 7.613255149815003 3.8535039537993625 4.6433767253177205 0.9933228501957513 4.906291309186778 4.318278895863433 1.4922077267275258 3.2319656127372225 1.750110387314141 1.1873905529085758 8.723719464654732 2.84039423788917 4.809941895257992 3.9895504315537322 4.667701020414218 4.226061971803789 3.464631401522043 5.1681249037622345 8.022411935411554 8.302905259400061 8.160328225150407 6.670030469113076 10.869740349955894 4.298142299721957 5.80882955139847 
11.352705424555795 6.342899183411768 5.631759831337474 7.811507588862132 7.023677640327383 9.939895601169251 5.7852705950597185 9.31233433109259 5.756379582242289 8.483649812573299 7.149837046345154 4.944521190043515 2.472284200169486 9.253050488362591 8.840906775242154 8.593609937338826 8.176358425101519 9.56839888211995 8.036293387219708 5.945534770553092 5.606405854601757 9.367146716128023 7.76884047359533 3.7742781242671013 6.956839569421622 9.36829138442251 2.197139325678337 5.052342060703676 3.265840850934232 7.438786495194024 2.874558005682773 1.9862098399675119 5.647050844725464 1.343513859837392 2.1047022311672055 9.516220417928356 3.778276590022816 6.184780804523879 3.620640191089663 5.053645911796229 1.2566120097986568 5.598969090936535 8.146060603541443 9.085696402041641 9.042760366915545 10.309049268593277 8.651029563667365 12.367758677939767 5.322757960816191 6.870837540253288 
10.946771003435602 5.17545998761031 5.511557185692969 6.595002026618491 7.752090423150779 9.769223178518665 4.825553802654792 8.258520701318627 6.15869739474312 7.211382427298533 7.570331073618918 3.9967201620907034 3.559378642947758 8.026193955561073 9.425388784773554 7.809676406113316 9.117102897555405 9.57511603621554 8.811942734222466 6.46873525957115 4.270753022448485 8.385756983506448 8.13086112383248 4.832971166002094 6.845020462396575 9.298302045330674 1.2632251333489484 4.597947608386422 4.06719972387595 7.935250891946527 1.8241037248314853 2.7424829416228977 6.169284468466137 2.355315459866019 2.9893281636498474 8.935858033117372 3.8418375571892653 6.092750227356756 3.0243852365465247 4.5873371391077855 1.4000500546988095 5.965471922221775 9.140708222830899 8.655912637110754 8.454657317178942 10.447705441788939 8.740569142528368 12.0706618614751 5.144813811681553 6.561279793904475 
1.167879798461215 7.5840755201491215 5.421564087182674 7.608612108434921 6.894390924031605 1.214003805712059 6.862505436760133 6.1994393351116885 6.09295824221782 8.086646637984941 5.36492903251247 7.376765250106758 9.587445972359651 7.716150522810613 5.849702508449109 4.476324628279574 8.242570674585005 2.2223428286541633 7.095493711743491 6.359160190682834 8.829983238404859 5.623575989344191 4.824967237643827 9.111573424793594 4.119945791190021 2.0129528481054657 9.551017343404432 6.210985058302203 8.575316866567887 5.5954039973995515 9.14704938438012 9.30483908741764 6.516948424315406 9.972867939404589 9.378270740854619 2.832679984667512 7.289644354198601 4.884996474814879 7.788784807358599 6.225339513984059 11.992088093452864 6.1060213350771395 8.635965824555239 2.375063784763068 3.1399620149403367 2.8120341525205705 3.1429801361694603 1.3425742418380575 5.731135652226617 4.236907204969225 
4.295125026939966 3.888964322485977 1.7986399758720433 4.532450901994448 5.456302281368737 3.293990040349608 2.9058600715698866 4.237383138572921 3.587225067947142 5.258576045136874 3.970404044546878 3.258918163783109 6.088875585980914 5.339712124667932 5.726889843367866 2.393947069888621 7.277916090845883 3.5536392719293755 6.250046635100755 4.118685674538333 4.936753642431387 3.8694340835688985 3.9609293928385956 6.051473719715318 1.4127918155751278 3.0971068705301326 5.402964042056437 2.0665570710111765 5.209035414950016 4.469123472191549 4.970339711203226 5.554402351241084 4.077684001489446 6.164653752062472 5.7043017981856785 2.534457919378419 3.499687170507073 1.5966395963339712 3.6374624693476187 2.0751390162364975 7.913119084434794 3.4460542964255385 7.582161090996373 2.010631720478207 2.1029350957355826 4.703746795467694 3.186871281538113 5.418449467552838 1.9117653231849672 0.5215466489545818 
3.6911116200374154 6.2960367281253475 2.7947854776500245 6.887601983906489 4.200673411681217 1.727309653463867 5.2769200683736734 6.2431402081293355 3.1544713116962297 7.575137067083021 2.5854260072147333 5.502344354605481 6.696628760560293 7.537863202424738 3.745244221957362 4.244860755359914 5.802536313262776 1.279578204862157 4.663002904800361 3.444262449309339 7.29588531972958 5.763634044104842 2.201195600001659 6.173538917630644 1.4775777399873307 1.0282585046768409 7.1157040621620435 3.9418580146602706 5.671563363251852 2.936145244252884 6.837028905843308 6.4997619379568565 3.5858310389808135 7.181820015076084 6.541172866265165 3.3344676145564196 4.572237302903068 2.2130672541210865 5.426885586901618 3.969102873959401 9.38141140901 3.1686595827756787 6.168639365453192 2.3159626664724744 3.2003171431545914 2.3311222107303102 0.8120808394554158 4.272756961586033 3.170768059963 2.105597637353765 
9.369833862730628 2.809905242384744 4.77942410405699 4.170114490610587 8.150786357258326 8.583543721292767 2.767811645937348 5.94174450455231 6.179391341645156 4.762349752450391 7.473699402199896 2.0852884631884585 5.019855663504113 5.589741692430502 9.47595105219062 5.818438437755271 9.803386107105458 8.674727115766167 9.222875874496562 6.6467628519992585 1.8190264988876628 6.139042444439901 7.893912470682761 6.055327907665891 5.952924687947119 8.291748579451983 1.7407119780071234 3.472744017885197 5.041666842748943 7.934040596522846 1.1995766290814875 4.031371811301068 6.380739774619889 4.043724494274814 4.340438825898135 7.180782099718066 3.8042581573525474 5.32100007058515 2.20824166762084 3.443397976062197 3.810544540831885 5.9542264860392535 9.924125513380027 7.131845985774474 6.70859744063373 9.715223691295442 8.01945677687703 10.618006476434967 4.381254922741784 5.377891004044455 
2.020066673260104 5.527516037036917 5.291157852845877 5.129989089399092 8.289183661653684 3.2193469079128545 5.17497236096947 3.4198239682135294 6.802325949973433 5.455154422359775 6.666613612998059 5.905930009619831 9.604392567564261 4.948677372014373 7.840867183598385 2.1696864291540665 9.949666457931402 4.3334630633709805 8.813734798585703 7.253140086430059 6.866311306483146 2.8451247449175296 6.349273359714246 9.521168863430008 4.416681364700443 3.8439492227491256 8.552082152071529 5.403785617596633 8.716985427966216 7.065473008484147 8.001459077152262 9.044108815507254 7.295140799016094 9.63120252752498 9.207462015772808 0.9871031067978241 7.003790962888482 4.964477040662672 6.853370111567171 5.398873269946678 11.145197073017005 6.715895729897982 10.310724769843597 1.8788063345011305 1.4210313664059653 5.3512083203289205 4.814994796837475 3.3726961640643434 5.427387838017099 3.9076070136407193 
3.9447070735389236 7.8705223525996 4.199332095318286 8.416685901570828 4.160291906553303 1.894384592165562 6.853713814326285 7.617133605595239 3.9141187225457124 9.080224302198475 2.801197348009117 7.05974569561035 7.624739972481319 8.982399868298364 2.9857405444767755 5.6257448283441045 5.386431838418123 0.7245690382989896 4.245967829592315 3.9902621321478957 8.870440299524455 7.102012304160189 2.163029810545272 6.876555694978771 2.971802524435869 1.2210232902801805 8.500590690573937 5.449996614520859 6.587481349418689 2.8931366616316283 8.279306731310632 7.59548648101531 4.22173267934706 8.283121403559564 7.586035178973914 4.430461976364662 5.824622614321431 3.627180049371783 6.872211467107261 5.4800052393829715 10.630578249838488 4.012845972386278 5.782328297102248 3.4520308421426904 4.429521003945595 0.8047740733393518 0.9117584283140833 3.9950703516201544 4.59409637294291 3.679604143886006 
2.2383887074619246 9.053058180595793 6.632293479198308 9.070179473762028 7.402832882569755 2.3286454865836155 8.31161115898181 7.60051148150357 6.983001181286697 9.530540323729658 6.022937066111549 8.798069215838911 10.616630010448713 9.126284756925212 6.022516742783681 5.935192681224226 8.497538598993788 2.8451146917738788 7.392712646349613 7.1537265815876605 10.29130662927111 7.022239276544809 5.40328234409443 10.006201426885637 5.296516518352615 2.906397511978796 10.865840816086136 7.5467000248362215 9.585243829596394 6.140804707078872 10.496634412088548 10.430592568256793 7.354749033543213 11.110893260361436 10.474357773096841 4.2788018102990595 8.471720990103806 6.067976373615409 9.115844081920663 7.564352911192783 13.245060119097548 7.035921286514699 8.898043672219293 3.8399737753712886 4.606108482594296 2.8132838853141684 3.856138407088579 1.1826423484312558 6.972407178842706 5.5586081966316145 
7.958245818359706 2.310363961923515 3.2858878419635653 3.7955204467422727 6.89952258733066 7.074041004612869 1.6623044738986392 5.179571090417525 4.8487717455506925 4.540646277265131 6.071386800307234 0.8208563658413687 4.527052524119876 5.221655091103203 8.084621022864859 4.62947010546746 8.633782933790835 7.1465556792530265 7.953375960710668 5.356197757913824 2.1279636488727625 5.24802445250875 6.448993470007168 5.313314646874475 4.4278450120358475 6.7659125500826045 1.9873765879688339 1.9494831734021403 4.2455126685850475 6.550620966155018 1.3604330503549082 3.579203547407112 5.113040319254179 3.850914163293419 3.871710196569636 5.837195298187854 2.6295972853615153 3.811964753190881 1.0015519995404396 1.9189495893594521 4.569300129684397 4.6210468099059 8.795237565430424 5.690298814692207 5.357363841614542 8.189910039076656 6.498270909848626 9.17049468933181 2.8918144044635197 3.8551229640111497 
2.515415334193884 4.726566607427392 3.983756106617758 4.664045093021307 7.137000199970619 2.715230758103591 4.168022385685018 3.3892065105554243 5.546333124517694 5.159814699389564 5.528026186652465 4.823983399058076 8.29811568717494 4.858686125594244 6.883434713526848 1.535225063410326 8.85574203659689 3.639528374226459 7.740407461110985 6.0179324052977625 6.0242476436059516 2.8382481080816193 5.2821323669331735 8.219095264060448 3.1601021465777555 3.1075881201102185 7.364323969148614 4.142257188495194 7.409068029829199 5.959364701042461 6.845109608593299 7.750087892378429 6.041755355074036 8.345971686472497 7.908108499240224 0.3263896084254552 5.703425035156205 3.669329483441955 5.634984353124856 4.140311540488756 9.940845704310206 5.448164381460731 9.203006098596743 0.8654999241270634 0.20295823270911617 4.779539751960736 3.8886713158438986 3.8512312988929938 4.1210123915500185 2.6023166241085898 
6.328005792320443 7.105447111620431 2.6860448580416643 8.12479230843004 1.6517117955900282 4.287349025690191 5.947764690319914 8.073775698291143 1.109405413188736 8.906490061737783 0.3043921113693513 5.783831582430935 4.725194510250345 9.110711678656743 2.29103536057024 6.19354343160475 3.4434065943068735 3.374798152076399 2.4277334596053466 0.9911112369217666 7.7192610110463225 7.698242191733816 0.9355873330441032 3.876468122470655 2.4487263395461683 3.4760212033151117 6.289244682451248 4.04041257260702 3.706268458902933 0.7567253873070232 6.264711671984174 4.867531521824041 1.253978175816032 5.53869835392107 4.796965765025909 5.748345647354248 3.5016890250744117 2.4048879262214067 4.979604538652218 4.080075684443322 8.042388811816366 1.302000551842903 3.7587404573079146 4.78041520591727 5.491108647575162 3.6923374874828117 2.3722326304964305 6.77889948792982 3.0156400792344256 3.318751171651102 
7.121164580352712 8.720211963646706 4.301529568035667 9.719441332568156 1.08410473703679 5.012453136390894 7.563044820070525 9.566149595595652 2.537299296080451 10.494611189241825 1.3992246630733842 7.389891288339815 5.606026616137433 10.665412497129907 0.9035401943493516 7.633851817012822 2.1561304277721205 3.8950836569691645 1.0053933802191863 2.1110391394987 9.32381143511641 9.1581656845968 1.470671068804803 4.495205046674361 3.93058937991023 4.194860351404108 7.688450804752973 5.651381945580738 4.684375284443995 0.8850267328009155 7.735805831265851 5.9783909343504025 2.4039450649973735 6.603597168970627 5.842258172873741 6.9746600365885065 4.951128718078274 3.9997598744923435 6.510973070022463 5.691185265894982 9.183169200026098 2.7623234634649503 2.5373631644982515 5.964052153044843 6.786622819438327 3.6961154890296632 3.0686378772459304 7.283374103843995 4.628311794580094 4.837610895560381 
10.141270056653894 5.865500738172682 4.357025774964885 7.351401338028614 5.681975000132623 8.636300566067165 5.097918245545438 8.619473573602894 4.358207667321546 8.089285469408761 5.752199369759349 4.295405516084255 1.3609292626569534 8.776177236877398 7.465049969828713 7.659448694484665 6.941428843300353 8.21288124231067 6.715730420601879 4.553355189371347 5.4104034941607635 8.59744605826311 6.370609439975617 2.6210769334086477 5.656558168864603 8.034600311424636 2.046169411594091 3.9840273155235106 1.9242826950064629 6.046781540995369 2.612743076781025 0.5969033391330756 4.253985184139928 0.2951506669217253 0.7863627320101063 8.420449392146933 2.485530831049872 4.887871446539415 2.781910260539178 3.9933651066338123 2.6095946784105744 4.202126399311048 6.947746281241943 7.905835829473053 7.958095709689074 8.925635592181202 7.2804157673786305 11.101115860102638 4.082559624732382 5.659740135666186 
4.521763535372253 2.713340501379143 3.5454997715874885 2.7783507321459675 7.461713392758708 4.456915056333958 2.291038740245209 2.2224835394975004 5.517700697980085 3.4015508928096816 5.9944609534830295 3.0569933049701934 7.413209184832706 3.3536749547973255 7.724792328040746 0.7809967146439507 9.292161621873731 5.113829264874084 8.273405760367549 6.06989132567699 4.02535312910924 1.9125058173744147 5.970298724255263 7.644800992835929 3.4355835578929366 4.590596147494797 5.800392050641464 3.005975722721257 6.683915809637631 6.493333336384146 5.206282128360026 6.688040142708591 5.993447594527775 7.191779064890552 6.9042902441416025 2.2338890787075965 4.797847001386431 3.533169762045802 4.205379372359915 2.985893270430111 8.401150816439348 5.351729841826045 9.58902837293307 2.586513136856212 1.8134396020328925 6.30231266677388 5.007776338403735 5.867111483739994 3.478058062470688 2.5377881294770805 
9.086125480693592 4.923329596490943 3.3427017529529968 6.39770510214298 5.332280015269202 7.65153922019906 4.072852690638796 7.567157201707053 3.69756583950831 7.159504985531053 5.110647680269577 3.302415988395495 1.9036890207210062 7.803211178616691 6.963286049991475 6.559265538734103 6.807626795022873 7.307261853135501 6.4034344794769265 4.006184820918901 4.639184138204674 7.524106586116186 5.683334010338021 2.847996647407018 4.669106605643879 7.089883900270003 1.6845464615489218 2.8814103070502357 1.8508992088263179 5.470536624569854 2.0123882022851527 0.9542757566792641 3.7075301679768273 1.3757317342493558 1.2427637527229112 7.325757028762511 1.4972683461359537 3.8970721240805744 1.7484346760331106 2.890396835164992 3.3289303001860455 3.508761581809512 6.8774895224351615 6.834581089271229 6.861223911459568 8.097181155398902 6.413878691328648 10.081775586164783 3.038601422378311 4.6003392357415755 
7.826371690344166 9.829812988759732 5.411152453243824 10.820429860775427 1.7603200116182325 5.737088833265281 8.67272258882356 10.61725606698815 3.60735763250092 11.592265873203633 2.5038494708091767 8.493691025515592 6.36877212405774 11.746472619839247 0.9050471974645031 8.664873335272832 1.6336977775763908 4.572024587259579 0.8107737048622683 3.136112604513995 10.426267975225514 10.193901673369188 2.4695446328096993 5.163715570642079 5.0006388276609 4.951569863810766 8.686480389609462 6.758231321766449 5.522362490931354 1.9891198261916738 8.770296832903776 6.849259201573719 3.4138146671248872 7.440683738898678 6.683006336236421 7.906989315363774 5.991016111774476 5.10428393767132 7.579096817814382 6.798096332628489 10.032534986045725 3.834655090881951 2.028596269013131 6.888176421766527 7.7540868663125595 4.101527244279507 3.888401765423209 7.820570987224864 5.736239023067997 5.914353305483989 
6.921323100757135 2.9835894163571712 6.610546942000386 1.5066061964294277 10.684749517853485 7.541887031472546 3.8190528732223594 1.4911855092014203 8.647051348686661 0.983873433060036 9.291111232364868 4.555323430888495 9.708615946483222 0.07776768532571775 11.072887343882167 3.364375537019626 12.52938000793433 8.360486817720243 11.555498781559697 9.214288718934382 3.8852414604028667 2.0696154049094426 9.310084870365879 10.26698335313068 6.758559971124869 7.826188815419427 7.120869831662217 5.618779009026297 9.217537079176314 9.798442270818 6.443508142501319 8.810709548577089 9.090708068671821 9.129160892791715 9.087199180986456 4.872003928668206 7.330707238391726 6.739195268647298 6.113443370349851 5.584038930920203 9.469443768566334 8.455475204007882 12.802369783603904 5.639324427799285 4.670336625469642 9.538854250422837 8.347074262395475 8.279233149709448 6.425473596031224 5.844079271719894 
7.124532270011397 3.2697337216884725 1.8336849028783866 4.6324822258771645 5.4155479022558195 5.938155778226478 2.196897290649599 5.515071138004522 3.3415034961172276 5.43476951694038 4.551932783989313 1.6661780071185663 3.8023019970437706 5.950699651254109 6.564838715103317 4.4040491513770705 7.18266206128243 5.846682229424478 6.458028145817577 3.8625069126027345 3.532014767199805 5.4212192206753205 4.941270259367883 4.272172830400481 3.089752265463482 5.519014949664022 2.603595726980395 0.7681713460582952 3.222868727845543 5.030652486817044 2.270008828329096 3.0249648488568464 3.632497941105544 3.531114408995335 3.2524482787460975 5.2278091046280375 1.3465443978044365 2.3965870322960434 0.8612672804534411 0.7664784992424943 5.083730142831354 3.113947518943299 7.3661509206331655 4.83779392258325 4.7546571599600265 6.824705131498902 5.112899562492395 8.223743354224897 1.4347640968450006 2.713822657541944 
2.2765444524969056 7.666399135171145 4.849832312841435 7.909385622546346 5.8122660202817835 0.6852975715143562 6.809356675384284 6.740403360902123 5.199355014039153 8.472092489908285 4.332425951191344 7.208957119856132 8.810373423816136 8.212806906645415 4.701222894273949 4.854982835611709 7.106814136200768 1.1252920167642206 5.963565299817724 5.4038945621769665 8.829756524603807 6.181206654868932 3.755083256425708 8.22813249620843 3.5103288087888487 1.096660649645825 9.124656466235223 5.840058105913774 7.7807155355094215 4.519103124903051 8.787687920619785 8.621931267781878 5.58917549861261 9.303009953466983 8.664439092863338 3.351974109431694 6.673943542092383 4.278547423980096 7.391192581337909 5.860925488007726 11.4635554474232 5.242170251963624 7.501927424058059 2.576779876761115 3.5216273407838377 1.6998350548145904 2.1138033176878306 2.3113269809347203 5.201669431729546 3.8621926871094017 
9.80671154091172 7.256750308376773 4.2074463073500725 8.682182182336932 3.7526073563954006 7.989873148507104 6.260130201797897 9.548453562964962 3.149726441639962 9.473958476514508 4.317874152809887 5.600842666485418 0.9505814130680535 10.02706540894996 5.6732507162088455 8.178443495293065 4.756608408028408 7.2930732571210495 4.695800913975345 3.068208545758127 7.13870559203595 9.393793858944361 4.984027217242669 0.3572055448939864 5.218394495555722 7.258299579136487 4.12989548615121 4.567123440374124 0.8591859826832144 4.458176258957648 4.545782941943818 1.7836391847488875 2.8185050524674633 2.1504452633084834 1.500879945174162 8.507888928576445 2.769928241408693 4.5555417351014125 4.0745465119594835 4.594545012289826 4.673488124985362 3.1010259767466177 4.726321483544661 7.770590200284246 8.09938343936367 7.747383782873221 6.288220115913971 10.534866273799564 4.123897628655287 5.587392021066229 
10.392402436695974 6.4496463322408895 4.588968656404602 7.932601863985557 5.410110950194722 8.797083313848805 5.639585329165877 9.139828786031831 4.300823147076056 8.68001755578624 5.65414490141157 4.854795057390111 0.848443396545136 9.349860414629909 7.258995853049636 8.094516687851852 6.546407392797726 8.294526218113285 6.410886098912874 4.418347617644691 6.033015546626631 9.093231632250646 6.2951974671765925 2.154204781863329 5.841191418022396 8.155367541300182 2.678279707632697 4.3873271653435815 1.6813886227366346 5.902196362862746 3.2427397346715563 0.688371326715249 4.126584111517261 0.3927482171170047 0.588045121332451 8.764480373084952 2.745753520470455 5.085509019985526 3.313934774247533 4.401123546089638 2.8894944182645976 4.170981253648327 6.524042405218169 8.192948325411134 8.311507244426924 8.93547933573905 7.333441519490615 11.296328213199747 4.355598660174193 5.937869369315773 
6.484272049507261 6.744678676473498 2.3300295181180766 7.81528394867555 1.8163846099974787 4.496952384084986 5.583537639533437 7.87214433346454 0.6190647361412256 8.60569263891657 0.7968006674624171 5.375519200038552 4.284882931014336 8.849953858549707 2.754700946620769 6.0407806646453786 3.65899073092876 3.6692214217439 2.728569795235836 0.650068964194168 7.307604703487989 7.522938184725958 1.3988004361722468 3.5048068420861127 2.3244901930889434 3.7083111305205674 5.799843677511075 3.645423159330931 3.2568585457211197 1.2124730703457622 5.784529418616353 4.390219989634739 0.8463653110850897 5.0650549446563975 4.3286613066547455 5.728354645703096 3.0149000196092794 2.1330789552228793 4.514630584739779 3.68543617496538 7.556998494825097 0.8099603784782579 3.941950505576697 4.7948762484704295 5.436461308520352 4.0921541225615705 2.657984845131598 7.022056921084743 2.62978266750324 3.1329390757496265 
5.35045339466846 4.653929701253164 0.5067054282351435 5.628115231775581 4.03066086528438 3.8116734952732663 3.5115471141952446 5.681284167240967 2.057530014193963 6.409856372013008 2.6968250896748467 3.489930914313125 4.763336303132412 6.6348566739224495 4.638949339085422 3.9268212130748785 5.874386469498036 3.5663663470207494 4.9168259660883 2.606349360590424 5.401620145737029 5.361622170585494 2.886930641585751 4.570772413459326 0.8335861999850437 3.283360156365482 4.825480752049918 1.774016846619425 3.8108954501558916 3.211647185206568 4.565652189867414 4.384158851903947 2.540818424397008 5.045168648495704 4.478202605384377 3.96534294141462 2.3581954695996115 0.10332109714836246 3.1561552690844104 1.8084040419080032 7.119843566822588 1.9033703790300738 6.152826639542223 3.2206491918607156 3.579300431764383 4.520155948440811 2.808695409059366 6.2609994568760685 0.8824978375415903 1.0639455817575618 
4.621252100790857 6.292143536703384 2.277780221748287 7.068748562525733 3.343189150445431 2.648031762154004 5.196186916702331 6.683961351014601 2.2352453787038087 7.803768630463841 1.7194396922347366 5.27801062747956 5.844335854004542 7.87131645385891 3.201997790787234 4.720669394192671 5.028246753101545 1.9716575818094686 3.916074245221978 2.510534417262166 7.158863526272726 6.250528579529682 1.4787545787468321 5.262779993389193 1.2111141113434558 1.890992423811774 6.556795277112311 3.59196459967047 4.810845776922157 2.1319709739765336 6.3510405694307694 5.718238095957554 2.6556701357906682 6.405226846572494 5.734899975876665 4.065096674515397 3.886039887551322 1.7241642648737574 4.949523745491803 3.6252083631737 8.700391794232052 2.266661611626967 5.377990394251194 3.0728405624714057 3.852811124608932 2.749892206092863 1.043519901871389 5.1884359202753005 2.6764325231712776 2.0985171282190738 
9.347250479963362 2.5378346018268028 5.012006556312267 3.8228689386292674 8.514131814569701 8.666043526153913 2.686198589277563 5.666907835204762 6.510824628641025 4.374256340934145 7.7740683803106645 2.115384151305626 5.490610715334215 5.222028190257778 9.783816112945066 5.693521815066536 10.1924674727525 8.819800741022307 9.581589794869855 6.9942088754775025 1.4148616332211539 5.900878467060057 8.168472840706965 6.509408478309362 6.1304856251744235 8.417248545697372 2.219169234808887 3.6637258379845754 5.486360913615679 8.244711592115102 1.6661705151674588 4.501356633629076 6.735355708519021 4.522060410499958 4.810612293601582 7.122450505066573 4.173162829683334 5.534210716949445 2.540090220270599 3.631224058408108 4.203931442248644 6.284112151387741 10.323458859101194 7.141736309550412 6.657811738713693 9.887063181778805 8.206473915263679 10.621819957611688 4.61794996265077 5.500581618180705 
8.901920589064435 9.562560948345018 5.238973493041583 10.727544898844137 1.1844401845027601 6.796702785768035 8.406966928579019 10.858568219206319 3.207012228544393 11.527559821288174 2.78662792155779 8.064022179926036 4.9816247364891355 11.814029633821328 2.4172086541042326 9.01372641198249 0.7832818960916886 5.704371331885069 0.9935571925063349 2.638673103798546 9.943036868942293 10.505577561810657 3.1523092206702596 3.698957503071221 5.273517490912347 5.972044516563136 7.70956777929957 6.4290268613237895 4.28921873401466 2.397592775426717 7.913406957668563 5.623078091922528 2.8106433277281093 6.138266864177072 5.407842124026309 8.561993877948886 5.246259137244853 5.113511460089394 6.8997077535863225 6.468725977890593 8.706048106672029 3.414063757763322 0.9689487337509234 7.575849456430436 8.32025837405994 5.512149131274508 4.829995495216217 9.10803311811452 5.47454613117255 6.11471837729379 
4.499209761130979 3.0262240282809105 4.564000560548682 2.5465406300065974 8.428094675983843 4.892958452276261 2.9729186324972137 1.3039422595239334 6.518547388184903 2.966210224287183 6.925736041156397 3.8013230786788785 8.403324453220193 2.6719806792523872 8.581803123766113 0.7111739525233498 10.247525320535358 5.710450616581913 9.206573160079788 7.065416763928011 4.367076058760088 0.9006752941897632 6.852583754315748 8.663747850797565 4.361776566076097 5.175297711453294 6.602814666671151 3.9998790429053086 7.694992050767264 7.415280937970181 5.976147781664121 7.651553458366979 6.998684758037468 8.130764678229774 7.87767190258023 2.288538336548707 5.80048491641458 4.525994288445589 5.097526473544538 3.977335716981754 9.187358112902995 6.357994038116034 10.553840217712159 2.9864200526955114 2.0287504704421853 6.885823059784011 5.749342344362444 5.875499200666727 4.501795806871049 3.4930035932357715 
6.446649295440374 3.036078023583102 6.374200525746611 1.6309323351581475 10.41660336646558 7.106276439891163 3.7487107070129424 1.0225487530467223 8.40410321445217 1.3224078463523532 8.991238896227893 4.527137287779653 9.641716597394478 0.5317798262408198 10.738082350973109 2.9500637946325563 12.257797477578311 7.948983414557208 11.264252952492459 8.968671738881328 4.063289884779358 1.6001031308705251 8.983728439494817 10.143633672742297 6.442436806544082 7.413625419208904 7.179589147687741 5.455748315627208 9.105505892426208 9.494696490161203 6.503261896609979 8.766514286895017 8.857852689683547 9.1170965682076 9.03519620422561 4.418516687568102 7.204314684979376 6.46735008840182 6.069513394853475 5.42276562166667 9.588226033689839 8.218824485642072 12.53996858045581 5.210157349287917 4.234117730237899 9.122588674135118 7.969223149016939 7.8026396253157015 6.21292456946506 5.534392943961247 
5.72196885211995 6.466921722283683 2.085748657170536 7.432753435203402 2.402392033766173 3.743913787918112 5.318105564592482 7.32751677902661 1.1801721003523264 8.206625266490718 0.8910219937338965 5.223118858023266 4.87760423503884 8.385849788681844 2.8324410727169136 5.440328096830077 4.195520269485156 2.9642150117887063 3.161496216933479 1.4072913441489288 7.155599060493013 6.947019768560166 1.1338015836047397 4.200666100691396 1.6957001070550772 2.9657185234846217 6.020399256923648 3.472366200526962 3.839822637705809 1.403147992644804 5.920010566175538 4.866715195221032 1.5626977933698516 5.552598501222569 4.843712319166414 5.017462657296051 3.241802949265677 1.719356393135958 4.573975840929332 3.5108859367156624 7.964573891855508 1.2636495653531197 4.5125957121348454 4.064336442163944 4.748183918296597 3.5083923140086792 1.9592394501467916 6.276736967659423 2.4517723987556566 2.574714534561485 
9.657514877398865 5.3682294007636315 3.895794414588844 6.851807309097707 5.561942313754039 8.19581060212924 4.575697530066066 8.091896910483886 4.078750275503185 7.5981704197794 5.488597266696043 3.7806942097953384 1.614172543132924 8.271155735500253 7.276017720820161 7.127742024093758 6.93114044754931 7.816759495987341 6.617942988511399 4.330738808268241 4.9722006143384 8.065743150430507 6.08586787419623 2.750429687330568 5.212384689963096 7.616668992708835 1.7283390532559997 3.4597683792680356 1.8832346342585753 5.816733258033246 2.2165732891167496 0.6341232766482475 4.029673416195062 0.8199297472956524 0.9388988044572723 7.906167467085635 2.031312939163737 4.440798555679627 2.2547741606484326 3.468105963380044 2.866904846437097 3.9056062310939295 6.968162428143257 7.410584723513232 7.441568893383889 8.571787768987454 6.904493469287405 10.640577294890967 3.6035659311863046 5.172132534701589 
5.867401525142676 7.381105246398366 3.019848808862701 8.304936724337173 1.9593111210901362 3.783686880491919 6.2378422620851985 8.08145898153888 1.7668692131460417 9.068104938699408 0.44232073589835164 6.158036850030463 5.4183329383018295 9.205453890723138 1.912061425851317 6.143447703768067 3.574475921577942 2.7882067576112064 2.45914525435099 1.6816066801065528 8.089719845813292 7.668682366679265 0.24595159682890133 4.5593993881845645 2.458432984397478 2.9584294687981316 6.876962954064709 4.407523753811307 4.397631560283836 0.6843576863958003 6.811360692850789 5.542890277180673 1.9476210679339738 6.21788869367362 5.480427533297901 5.5165019092351315 4.085315987913383 2.6264250825606767 5.485196419375954 4.445958319932185 8.704074617485114 1.9363336590938403 3.9298052370472396 4.515692881894037 5.309887316105297 3.012391358358145 1.8184615933381236 6.220440543205237 3.3873470003510544 3.373402166430303 
0.9837849596888872 6.521032233758879 5.687409717711195 6.199759731217135 8.200261272699574 2.682604200963159 6.069766771622664 4.500637953296625 6.943710880074559 6.538637560118271 6.584509665922558 6.7509916283597935 10.032588955800348 6.027956772780892 7.502320110214137 3.167463477664806 9.75296249343859 3.8571162085225974 8.601518617385167 7.336598976487993 7.8492083057377835 3.9274219884175383 6.173905459288566 9.813229389547855 4.6209164893826085 3.439376438778207 9.292020945899429 6.033407666885183 9.092425475210488 6.926957589292877 8.778919222985362 9.558493579644402 7.421934934793929 10.178009166658924 9.69406941577343 1.6396745342675874 7.496949116747622 5.274038484568805 7.553259112471212 6.034677694570583 11.860170523726133 6.891292026948407 10.13041422995203 2.0623357082154112 2.116818401352419 4.727615527353797 4.530731336017046 2.2977312336740643 5.888290449244947 4.309965617886926 
4.279551061779232 6.7072581416010655 2.841590837285752 7.398101553071842 3.557325486064622 2.2238511844343885 5.639934220801552 6.862156809066048 2.7384832916284942 8.109564283589851 1.9632998182216574 5.775496350828328 6.397058656131409 8.11812804611131 3.0719691295849088 4.870790143007567 5.124919170058831 1.411267184122467 3.9824166687043343 2.9434456732522554 7.629830994440841 6.3972572501564615 1.5266698513920995 5.764412016950073 1.6693170376581854 1.417460693279039 7.138091113707288 4.121972796033357 5.3607234260193035 2.2758865761811213 6.920850402890908 6.296425370157973 3.122882513776968 6.983899801989811 6.3066499031535885 4.017395601660977 4.474651447158019 2.274794368031052 5.515636764639825 4.153644642973886 9.288745249590772 2.7951903300658842 5.494032389291899 2.9996765517439608 3.8716338800257297 2.167281503131466 0.4551588936406337 4.7300605342013915 3.2381401455187446 2.4804378797989166 
4.272885252980746 3.9332793649249407 1.792416835370797 4.575469265946318 5.425771423825517 3.256051218697011 2.9488915978452113 4.270885536578533 3.5646177280474816 5.300677606207884 3.9356570394760237 3.2979356527022348 6.091549369822793 5.378814478751592 5.687163411518199 2.419559221770626 7.245867541139342 3.510178917464521 6.215713491144509 4.094060160283222 4.9796886506414575 3.899548663540591 3.9220211368042146 6.044606070871994 1.376099904864421 3.0545873116036315 5.429382893408276 2.090862771316608 5.2073943013973345 4.433539763838354 5.0002120342424705 5.563395345427795 4.055822039326491 6.175973057523897 5.711191198123492 2.531266811112245 3.507015534129007 1.5767633607234783 3.6636538281112068 2.100138607510647 7.935628389030088 3.4254336737192976 7.551210480046608 1.990877836041821 2.1039269905296614 4.659727823803123 3.142579730468365 5.390149312801328 1.914676873566418 0.49326489062499346 
6.114337786263229 1.8269106206349193 5.055120754113794 0.9313703442372695 9.137840896183695 6.368752217059312 2.373680012532952 1.3110119115218648 7.092206239740007 1.4432134382211734 7.767498100246273 3.17465561670748 8.25783750423885 1.5294516069806692 9.587264956153623 2.223939886364478 10.98334302589107 7.070782362229124 10.022257664945027 7.659887169701534 3.0578030777901866 1.6200804317250022 7.81626841216045 8.755218555991288 5.259447566974682 6.54524594969354 5.89658489954412 4.076729032881896 7.716021067416677 8.277756128615938 5.226239194670597 7.391753303929532 7.534101899549652 7.760241649497845 7.656818405995938 3.8804378699401774 5.81581424634853 5.198155945008573 4.699269713941082 4.042951406436134 8.37576549587079 6.899483003121611 11.252191184110373 4.466423053909919 3.567961315501612 8.258958718221097 6.953778327989008 7.490392589541357 4.868488270539501 4.341429290860353 
6.796184833875062 5.672345642914016 1.4699928710200574 6.862156916222083 2.83817117918074 5.013254910169675 4.517294976280532 7.200656654506141 0.758308708249994 7.6670949905812735 2.0973737004400608 4.198496307046006 3.394420777541929 8.011411228965189 4.0637056353918615 5.5407242528615015 4.639943371114627 4.43052534708214 3.8713146374569045 1.2804071714830114 6.109155800719762 6.927411658336606 2.6285809047872726 2.9764518952376315 2.2176375139897613 4.320775306225454 4.495385877455127 2.538978480207929 2.3696875072717223 2.5232070342747037 4.471701093577669 3.280971030214403 1.0797807620519975 3.9686441266289285 3.280212756550603 5.59808014491294 1.7051123899508347 1.62230454813215 3.2187501814476702 2.578627931081756 6.363092566165786 0.5310382807275864 4.8561177395713235 4.796779140272382 5.224316501175306 5.091749422759516 3.465943112163061 7.551047681277218 1.6163577742467785 2.714347458695441 
8.335685548021011 6.5818775671988625 2.904000877969928 7.912515761658274 2.724333056174623 6.492708686025565 5.4839538126313325 8.514351322547757 1.6542778819959072 8.719798815923948 2.9036808613831337 4.967432033112462 2.1010045369686234 9.170692886401033 4.493297596365843 6.978515643770907 4.181686399595673 5.795836778482483 3.782281696229619 1.6511467327258325 6.735450727943018 8.294946420911732 3.5604990629050843 1.4234238643158783 3.7745766049844525 5.757639242898135 4.310891847278294 3.590142521539852 1.1007117199720478 3.12293398224676 4.521853359892116 2.380198808227318 1.3715686530367133 3.0063893924837632 2.2458908950647274 7.143146449765288 1.9958708588042937 3.163100936480652 3.6159928845485285 3.6246330182943516 5.583378283755467 1.6003737243662792 4.277152894144917 6.354551096024745 6.7578620791956645 6.286448425681348 4.793438815020584 9.038201691089284 2.9137588901108726 4.2377675600582 
9.634533572990211 7.022747399957431 4.003097429038976 8.447411335268177 3.762483986063972 7.838803099599408 6.025231402379882 9.31709160432401 3.026156083952793 9.239368279687428 4.238647673972994 5.366848932279393 0.8704831926269556 9.79222926967445 5.662229697400591 7.9571109283658314 4.848541468190043 7.165894281192488 4.733181748273294 2.9835589131802065 6.912743119889901 9.165263651270726 4.90251488040753 0.5251323561425724 5.0393923582670155 7.116840227584387 3.9366935752199774 4.336884217650564 0.6263853882352068 4.404380125214537 4.3371221128531126 1.6095032664560511 2.7219720316651848 2.030788224794067 1.3417067858137945 8.306414296626311 2.537867714170297 4.364860643567611 3.842634275014067 4.364003751495708 4.588313149075841 2.9633683339782877 4.835964295557242 7.580579298809996 7.894296716810464 7.650394445595728 6.1648424705607585 10.382214581313713 3.9093934216016812 5.386497252738581 
6.896916245619322 2.9324071039569253 6.557160652503371 1.4572637615666024 10.632247878871448 7.504870434283504 3.764730288264082 1.4655261304443772 8.59376154755161 0.9531304730120993 9.240087058524866 4.501904088568398 9.654638577264548 0.06692038202152104 11.023907725994311 3.324641672318886 12.476967043866868 8.319384433668993 11.503963529591164 9.161059705944798 3.841877763171584 2.0435659902582097 9.260610151573266 10.212329840808609 6.708619660880869 7.785281959069454 7.07088616399946 5.564167874952458 9.162949897331202 9.747600680136573 6.393498817374557 8.757190445677972 9.037123025562977 9.076539120136498 9.033509938949045 4.839409323637972 7.27602184878015 6.687023785755413 6.059800410931878 5.529416362209798 9.42294864110129 8.40201229840189 12.749606968384157 5.601336181836959 4.633851054070554 9.498376528278964 8.301901010635305 8.256265140551559 6.371515377812175 5.793858243281761 
2.7105289363784166 5.656717766480114 3.135282286255036 6.010208642759381 5.443767196735515 1.3631624603613701 4.778453414801318 5.112937839963178 4.137188735602195 6.633397219440964 3.81963131919775 5.188876096428652 7.398312212936964 6.490149243063166 5.028798480759197 3.123271763642955 7.0876838845708 1.8850110310317985 5.952872701464992 4.521753979484472 6.800954085329819 4.600362825934606 3.4877078011306386 7.0598294914995545 1.8925652851437564 1.35543701102124 7.2439872617078205 3.9102119539015194 6.414024940882575 4.205652237393257 6.8566355005032 7.045153338408589 4.610861795709896 7.703011437852431 7.138181285177467 2.0439190998550085 5.006655225823761 2.6270869397906784 5.485218422822079 3.9264228170595645 9.679645076970338 4.096254867162488 7.449212552289718 1.0239654937577365 1.9521288779860524 3.0708826318390967 2.0219534680227786 3.617449704409994 3.4276359121248987 1.927073964468762 
7.324192825193883 3.6579607204376248 1.8057222680850211 5.032579978481017 5.12441889809638 6.040635276601059 2.5979267208632244 5.909470965456654 3.083400870323491 5.833680755799948 4.353294439961687 2.034036524329074 3.4131341630273333 6.354397876084802 6.357648813253915 4.750297126148768 6.866528173416389 5.870473793155942 6.179200416827238 3.5825345491873377 3.852999613558436 5.804865583894777 4.783590451449706 3.86878143192968 3.122517693810095 5.573513975247662 2.5221779296278575 1.0482412033991935 2.8190008799182475 4.816659403693018 2.2911004829812516 2.6645467747617433 3.3379331516487643 3.20088214190004 2.879648363452605 5.497770868335828 0.9505369250303665 2.3867280255661334 0.9187639268752473 1.059169295801833 4.9043498182657315 2.8560807847411294 7.03772741755306 5.049314888141608 5.030563631413888 6.803350886265434 5.0873158941113905 8.383542590005412 1.4229615704746776 2.861700666508659 
4.296089259907635 2.960227119689392 3.8305147565718594 2.858017463084127 7.6820241513151855 4.38713918206214 2.6232990114847903 2.0231157030819054 5.773452234638524 3.4178895222309484 6.185875827957278 3.4033874747742665 7.758051662452915 3.2738580402170503 7.866655110227573 0.4331248424985689 9.503269572175174 5.115649558917889 8.466920960229512 6.319178523645691 4.290022035850521 1.6474730637559307 6.1271585069458805 7.967522329711738 3.621396710326948 4.585232218024952 6.156694251487154 3.3523309429948918 7.0164486802857535 6.677995890326029 5.559043432378416 7.041098408494858 6.254802767351537 7.548724898877953 7.2549070220727385 2.0060583684590885 5.137696863342827 3.779849970190037 4.565484155578937 3.3333187834919293 8.75683801581839 5.614650766466351 9.808135928823328 2.4867477730445224 1.6266546406414601 6.301094643878329 5.080725103932556 5.655776828168682 3.7851604743308465 2.7468874458325345 
6.194495505307801 7.970281416020178 3.5953468810499665 8.896821012358808 1.6964638528308784 4.088544656722907 6.825047099415733 8.650657890838625 2.1570899214940544 9.659018864875414 0.7509702848033923 6.730280024027228 5.665111506003505 9.789775234801281 1.323018869207312 6.70096972548024 3.115819799822803 3.0072273106966687 1.9715519061716043 1.9267951264425733 8.664128646247264 8.229131800045307 0.5077537829827559 4.703015036191361 3.0422892008497264 3.264330272590539 7.342186645030991 4.9792882600954975 4.670158734625842 0.4769689722821222 7.309413755487403 5.8789843756331175 2.2211718204526223 6.540956261542662 5.790262524880328 6.006366606596662 4.553366000030234 3.215919660662237 6.0074008567183235 5.018080362026719 9.068957125291078 2.35480911028077 3.4892667652983747 4.994872679716028 5.824168183231864 2.997473994128682 2.12480396367131 6.4329285572251145 3.955580189361906 3.959108614333017 
4.8715606047485664 4.171475337328998 1.0032943357326993 5.024848519962109 4.728685678902217 3.5621541473290828 3.0743952705602724 4.96052278858439 2.794567209404144 5.789415088247455 3.3162281507286497 3.216850876080489 5.3389798434822815 5.963222244459904 5.181152811091389 3.1866038587324335 6.565849006416894 3.5518144965829004 5.575642351391082 3.3379266918755324 5.055081064928268 4.628299508684571 3.406491508624066 5.247317925399906 0.9141249201916637 3.1770493368949375 4.977928231289301 1.6803265888510626 4.430364052116109 3.8272084447304886 4.624903191466279 4.864223740136358 3.280076380719019 5.49862909764599 4.992144462064933 3.3011735561944864 2.8022021385933824 0.7988208326906422 3.2311118711838094 1.703138357474453 7.40141042981354 2.6434866881010683 6.855360729766806 2.6478729385825517 2.891336204751852 4.619008106784186 2.9670592097974167 5.888640328211629 1.1912477394238836 0.39295527166737093 
