20
40
927.1323573604881 1484.798684300883 2542.6498072406707 2507.9225927863895 2619.4122510577477 2535.287895315105 2310.5216088965476 2673.48968495401 1713.9545013617064 1225.9119750624739 1607.270348269883 1551.5857506267937 1903.3169285290157 2581.196936169845 2172.4586399210034 2595.001096229591 1934.300245743599 1912.5944424190504 1232.3733907860385 1774.3229975218444 
61 172 589 577 589 497 463 585 256 114 237 202 283 570 432 543 325 332 122 283 
19 9 6 32 20 28 7 13 15 6 13 23 9 34 15 7 30 19 10 12 25 11 18 30 28 34 8 16 21 7 18 24 21 35 35 15 15 23 6 7 
8.670595599793895 1.1241405816765337 0.6156328452049726 6.734358451794296 6.143801059535235 8.488457068251417 5.812411638849596 6.777170174993787 7.114214756164459 3.5392944536668547 4.976222515932752 6.214493439809915 4.936095614065536 7.179021440594013 3.577864459947417 6.541600302155455 8.732938639694993 0.7960405142660141 8.78037609974342 8.062150778809771 7.836713414652002 6.7974527822115665 6.562840524928102 6.158611779790744 5.631817184462321 7.948550374995965 8.20916724553147 9.087274853119 7.249139929234699 6.237992774525574 6.285471500985644 1.4249411309892825 8.107570160181991 7.70060074987258 1.1274904059321282 6.190319672718094 1.9056064698210524 5.1343839885111695 4.058642059457758 7.583006259617655 
6.4707592253036195 2.5587704649229117 2.962434433024765 4.702706364304347 4.637055279735029 5.799183151191429 3.048870830783534 4.203381273238266 5.978325775616403 0.7473831105884816 2.3461327473532605 3.4929747498399344 3.9790749335663183 5.469901257516918 1.3577660680261159 5.110446429874301 6.774916382155997 2.5563057935446305 6.089074221323209 6.059247926955187 5.044303866706264 4.623491573516264 5.107153705466486 5.298587537996259 4.349242457608801 6.228186043110879 5.805500139870922 8.105729668590637 6.373157625230702 3.8540181496998787 5.1090098679572415 1.7889362286119916 5.640929146465842 6.953405592128622 2.0228009866620127 3.6475658393291317 1.9704627674701092 3.6600990435688385 2.0594896501637665 4.971221446570315 
1.682734530315889 6.224959502114081 6.899693443845312 7.1869503373067705 2.2001490385504505 2.4594439960389054 4.0374722728383015 1.269050674917998 3.3208128005338255 4.201442653921465 2.5893981079628485 2.2535156843530126 3.3729156533970697 1.8269922449849518 5.4076876706845205 8.407842095008963 2.1913359650619766 6.44739818622062 2.6665248924265983 1.5109968085937546 3.3005620953759274 6.839442842357882 2.3438608274465147 3.6403581684962543 2.7099088640731965 2.1953803648493175 1.1942933880580935 4.951159729476799 4.03289179415291 0.963031513748303 2.959172509450653 6.514855914304053 1.2310170539190677 4.603895612602201 6.6861976622207875 1.4156204189545258 5.274554085020375 2.5284985086154936 3.0150772762590523 1.5274996796179183 
7.558490697004973 2.2578998674876076 2.408475903334571 4.784957242340128 5.587576940017783 6.846468775864459 3.835561681034129 5.289328435899786 6.856214640950766 1.7861630849588415 3.43300880733774 4.537769397399685 4.756463630611049 6.4780646122410985 1.5261223768535466 4.843953176348876 7.835932646811447 2.115588021785029 7.1342639904347624 7.123482337961161 5.992099056849202 4.80506172644578 6.053178857772485 6.086284322836119 5.234535071555515 7.245396644196199 6.90053833391758 8.967967734595435 7.185923684060672 4.947872026178069 5.9825507018941915 0.7547067131724066 6.734068852415856 7.7381523212433265 1.042000871543744 4.738976895937615 2.098768828689252 4.578806210417437 3.0606686489003074 6.047289238795126 
0.6379931379107635 7.138340624363718 7.827891391065792 8.317884223568946 2.4369699289369846 2.9042218217734197 5.1799411156028095 2.34776321146909 3.0377880266395123 5.359381933068031 3.771710703271261 3.386070773337882 3.8395770187694382 1.5488583721353892 6.589599218509284 9.573886268971972 1.0362052805950668 7.386142158863791 3.011975833077671 0.505932655611429 4.117600538613879 7.957579651465684 2.3419860625456734 3.6820032009846324 3.0558315685034145 1.4477683496968559 1.1257967938873361 4.222382624545947 3.7340152929998043 2.145986396775552 3.0029871784267685 7.60365470063353 1.429207963361291 4.213843555478961 7.756401216033526 2.595601972125041 6.200805325430552 3.1462700363410394 4.032926248430353 2.2750462993884284 
2.860032095198886 9.295464035157776 9.926488413289352 7.754290652400128 5.508236803331537 1.575064067455194 5.158123673427823 3.2137162262727577 6.301431059314221 6.6140168201776985 5.01909045488076 3.8651771804527266 6.7566732358644055 4.790178441535565 7.423443554698871 9.26805400755341 3.816228225541249 9.467495899726554 1.3059269339828243 3.7254258298470555 2.9445769868727085 7.327903923243632 5.530162254076903 6.880016442148839 6.06778247246128 4.663721340335584 2.2757393079863757 7.2814932965334425 6.997723067075091 3.8913695183911727 6.189249186599585 9.125353488848681 2.154500906669733 7.46383703532767 9.359967423978887 3.8047214528739675 8.35448952771325 5.909006898915027 6.0627650209322805 2.401099332677303 
3.492408250660914 4.857437385206565 5.48355231266712 5.632692648946883 2.746277196101617 3.0153895973040434 2.5361053071919364 1.229265925976004 4.20768034461587 2.4067945919861 0.7698790379727628 1.1286221674627734 3.1793393655156628 3.074672358542054 3.58831046939673 6.727375687151311 3.965893687583411 5.0245878461308315 3.3032195428271556 3.2547866208007017 2.9129651017980276 5.330327427917463 3.136496939073732 4.056327989792488 2.904705821931131 3.706382029143982 2.7596341584648303 6.189954395417913 4.836689773765143 0.8569822924994187 3.5167426277623974 4.816593597354169 2.5987827786881947 5.460275524975947 5.0180223874503564 0.6385983489644544 3.9234507067988718 2.315151155311477 1.6684056452622753 2.0440526100825087 
8.510982403895346 1.914480329058616 1.9567454504724315 8.941041802568224 5.541530014432212 9.147616845250786 7.324518225666924 7.3280096147960085 6.011306536827247 4.967988880110438 5.84741675198035 7.114776460673614 4.110048141268045 6.617031174283376 5.582830591924731 8.964703602032474 8.277616970528674 2.0822214046812904 9.429215651062119 7.717794412165103 8.91552237363513 8.928763343136222 5.839053210783467 4.9570073129573995 4.9221018885611425 7.3088601390108 8.364749933479024 7.657352581541831 5.900683485851105 6.572005492644441 5.346210548627676 3.79755329154417 8.36673054668285 6.194683306817511 3.5601795148786723 6.755201559915772 2.4698572417627016 4.728434853747177 4.486059710594151 8.13228439274743 
3.471454054709764 7.47690761847513 8.147209402616019 10.88437362271721 2.7262452255695853 6.118402222472326 7.771654534806709 5.200769209792498 1.4639619000077113 7.060712486457062 5.8909174725028945 6.086261037595633 3.6465283582558046 2.196809227060011 8.427900001777436 11.921019460948958 2.5105144113657913 7.792898609005077 6.228138733475083 2.711044611052824 7.226818664379206 10.58015251537217 2.25711243089889 2.4687728798346447 3.039248321306975 1.7921455745333936 4.342251974051089 1.0114910635206407 1.5350828960602114 4.580260642725481 2.3131563086515854 8.66079971559414 4.642515047323587 1.5367339026890323 8.703334369457066 5.17071462233282 6.7140904462214435 3.696722212448535 5.308004636669431 5.3945756890031635 
5.875668227271795 3.115496848338268 3.718268950811337 8.76223329904494 2.8252254153537137 7.047881374532076 6.296096741795681 5.281846025555506 3.169101902399966 4.343702650206772 4.3522344588013375 5.430827835571389 1.4154244347219158 3.864932245303983 5.516919131942339 9.275543928452196 5.519888784341077 3.4449553405086117 7.303962960842244 5.0199685475705405 7.227293638442804 8.61317031266009 3.0546793240503534 2.118096815161567 2.198157969398538 4.511922693213846 5.924432230379956 4.930516089832648 3.11668154706807 4.422206812436407 2.5159055845540697 4.75311775812791 5.998968671790054 3.4985699805749455 4.6845274521624924 4.790918406579853 2.6243393178897243 2.2460901243567015 2.921659006538053 6.010309667393767 
9.336890289871008 2.4449669698327807 2.0336579516861346 5.868176391709357 7.096447876375976 8.731040745700001 5.621826892760645 7.157580608881923 8.21073216873962 3.6688134567385173 5.300562341575753 6.422344600315432 6.0313131383870715 8.072518112365268 3.161545815968376 5.422846916694847 9.531889967367862 2.1260545104924526 9.018762502291557 8.832364548601875 7.845674741368787 6.007704874476508 7.5431112978311 7.315887234857387 6.649285839714584 8.84791757220934 8.7363579524888 10.25341167663764 8.421934992629437 6.766502030976156 7.353587276878644 1.169859753095535 8.585107055172443 8.912546133977827 1.001348382824013 6.597553379793293 2.977314230535464 6.069608134315592 4.732797364638663 7.924745692535802 
4.54407534989195 4.323595987365688 4.882576803105237 4.734027516865229 3.563237596218239 3.6526374697109953 1.8239536745512974 2.0764872909990313 5.040727891151246 1.4413851159461282 0.3095976988616659 1.3621965253275792 3.629731249550878 4.058014668760942 2.529678322926248 5.7301682390629685 5.03016649772165 4.432632302813079 3.9436585984034602 4.31748820446596 3.0751420604100095 4.470890728231527 3.997448672221415 4.716244185039294 3.5724643019585915 4.728595143225178 3.750527249677953 7.096787124171212 5.615032991395066 1.9206104099927643 4.269983822320885 3.942057879420066 3.5496152996080035 6.239277986516628 4.17478087407373 1.5615269309865925 3.4555037097901815 2.889568049988338 1.5873554467283266 2.8219852676571584 
4.781566796775587 3.337790651848609 3.9560703523185974 5.539762422458976 3.0033926410103073 4.522420356334579 2.9047768312405404 2.7574937535747597 4.422841329802227 1.332401954880544 1.1041761806092707 2.3737672712493456 2.682679312186016 3.7618675392845224 2.7010490580434467 6.321149878426448 5.047892349801346 3.497260015886501 4.8127915968751545 4.333520852352103 4.172581746267557 5.335153479226956 3.471510909176722 3.902992149110886 2.827865625847931 4.511447506108233 4.202650813996685 6.543898706309048 4.905565984998627 2.224333428575593 3.5801078662565984 3.3985301371146748 4.082232443961679 5.515448021430238 3.568235291838465 2.1669840827325455 2.416217708943371 2.1130554022630137 0.5077649666649667 3.5710186384815534 
8.964435080813908 3.9033767836840787 3.792618682064747 3.7895728204480497 7.3373804539139185 7.745063160527209 4.250788867221077 6.461044142082772 8.669565011296031 3.1125599538716098 4.7050237367914045 5.531336014279862 6.616342479234346 8.14886763253772 1.9226546080469658 3.323067158761108 9.374599838067128 3.6667464780351833 8.01457653188153 8.655475382922162 6.585117254315225 3.971402844663788 7.807580670288611 7.9460102350892985 7.040348493878384 8.897425449981814 8.169770865221167 10.793728438900994 9.036988142513861 6.325724031736235 7.797693631471336 1.95018705562073 7.949624079957697 9.601740283421185 2.170346683222572 5.985440372050885 3.9583924212216703 6.357979478981686 4.756445509592193 7.121733656180574 
4.29965203724068 4.9386320526841905 5.596007943445024 9.347690934488588 1.4594422131642901 6.111540359475746 6.458609892736515 4.579268053286334 1.1577659585473838 5.104365553515846 4.406626797340299 5.108242036562927 1.2383968484336585 2.192709502119105 6.447649322156121 10.146490009267419 3.7395934864071427 5.26053254115539 6.321788900974661 3.3799870443143725 6.71061599775671 9.114611962046935 1.3911511157422305 0.1067390598028668 1.1174858769900042 2.678623330764653 4.641184046470385 3.041685644934871 1.20958870368612 3.7251829911861685 0.7283709080395578 6.281192332190089 4.810388086153607 1.7470882760053896 6.284532099654569 4.260106300362115 4.236392284721383 1.7737951136723649 3.3365670139460213 5.133242021083404 
6.652439616942147 4.586056072195473 4.886835018905672 2.728817788992419 5.738159128209813 5.095073565390074 1.5524376664742991 4.013665138326758 7.20242054254446 1.6928610187572062 2.551497439461709 2.996983898603722 5.522384353398987 6.297489206032382 1.0268154612823657 3.5100749569999206 7.2274866055836515 4.530873742066179 5.355361281696686 6.5239397656940525 3.886741160440625 2.586853068362923 6.189262212613241 6.74757687203698 5.650780020124482 6.96991392444556 5.7404753007632365 9.293845040260283 7.727960090315674 4.109410122288298 6.388416340541861 3.236867318452597 5.480143288069408 8.344415938103122 3.544615631388023 3.6418848269444766 4.046605890585107 4.938630254954524 3.3497943075977386 4.572903533142618 
5.383327141268883 6.119025182197674 6.559212080374083 3.225890844222921 5.462888610719727 3.2637912744038107 0.5573289881115485 2.7753762284816927 6.914338352721721 2.9067521494009787 2.3711853426054184 1.7864009617682632 5.7740975921500155 5.671212089251761 3.0249314053978176 4.609823391215303 6.155073674952255 6.146832976124129 3.489207208084528 5.521035568487978 1.8732202533662299 2.847073852640799 5.839830996895953 6.760763111445326 5.605541276054047 6.1932085657077485 4.342247419392405 8.838330199887096 7.553642757229722 3.287732914777493 6.235239029856187 5.140816111294074 4.028022373617378 8.176337041309031 5.434697413666928 2.697314295039524 5.371994011071837 4.971667957106002 3.774153231303281 3.0320682698694212 
4.723186041453139 6.3407752410209355 6.964901263793665 10.84996532353311 2.6429200079942037 7.025907746635564 7.886990464649281 5.723145679844166 1.2917951084842916 6.658919527872515 5.856613548271449 6.406345430359872 2.7990728953204878 2.8272365309658873 8.007681209788014 11.691994253425298 3.900576401935258 6.668740613048277 7.193298035280179 3.823987347351088 7.860359569003281 10.600193782171834 2.3159668014372956 1.4806294147916244 2.5654233156510187 2.904313204083933 5.36055052204706 1.725707119795348 0.5781398186822573 4.933040929815641 1.869608743560292 7.799923254586699 5.6020529417525395 0.26197543126543255 7.785185592719101 5.510343413015031 5.716475791423978 3.272320044333441 4.882083484054211 6.1384446846054495 
4.521129924816111 5.54045386316088 6.17781303268512 10.069770129645146 2.0032239533348757 6.58015396067638 7.153411776344006 5.145972807663107 1.0311759211965401 5.837447612168306 5.107332110527848 5.746616513133315 1.9601408442379518 2.4667713088447556 7.180070460489905 10.878993847627632 3.825118533771781 5.866801612701363 6.771627426591856 3.5949649475805896 7.288045022765752 9.831377428784196 1.782034528104385 0.6612349584459197 1.800886188102092 2.764445405615147 5.008291983984192 2.4401616167313596 0.6400496562124848 4.3164695501703685 1.199173301038779 6.963942426262729 5.213391474123416 1.0488752121170717 6.9539878862854625 4.873990424535118 4.889798438502365 2.48753494385397 4.068486582816374 5.638800449060528 
9.181345675874576 3.0496825484031516 2.7940402647005183 4.952041483301146 7.197310595142623 8.301266310503806 4.9990596349580265 6.8408024661095554 8.420833811856358 3.333593393316485 4.9998187030281755 6.012522357693042 6.277710468399233 8.108216502935262 2.5198097949556155 4.4768472608877765 9.47346743441243 2.765724930039575 8.582825263050141 8.760472366056838 7.290943423963966 5.111820283371503 7.65916689120839 7.597023552591948 6.813745699584698 8.877586862469505 8.490676731133313 10.512667196151469 8.704736546105401 6.557474344313077 7.549746436107014 1.2235175331503565 8.307928991577656 9.232231280748788 1.2987130371420263 6.311021171128333 3.346764067997461 6.179365554940301 4.695215619906013 7.568828182753783 
