20
20
989.1029014769487 954.661532914425 493.3870369780982 602.440450012711 991.0357286281102 586.0625899619433 961.2339748317678 650.6741453906698 781.8672505437564 1064.078456186486 613.817156248098 1058.8817012543564 935.702949221292 366.62036105939393 1066.7412159467704 658.2859595123471 1239.8361988262402 612.724955451701 1205.8104738468298 1249.835716922806 
84 85 19 24 83 30 83 30 50 93 27 107 75 11 95 31 117 33 125 118 
32 8 21 27 35 7 24 11 28 15 22 28 11 21 31 11 29 25 27 31 
7.429277569616462 6.268961109914972 6.8937400437075755 1.9718820788344948 1.916713894146861 9.429751725664218 4.317095649172239 4.8185314424031755 6.0579322792893 6.023814297757197 5.11624930117672 9.34797957574155 5.267312336565267 4.043321091080952 6.819724711288981 6.398319605454664 5.613741956166949 3.216787420507245 5.0248176554014155 3.3402453592538524 
1.954472512328157 3.9156057672191062 6.649883271945603 3.6431019972912715 5.789697612504118 4.7558782243480815 5.3095549304633725 0.861148392483707 1.9535949927509233 1.8562806317982972 4.815094248757771 4.094224639861944 5.1651005473827265 4.756859860960352 2.58343383553877 2.981249549347261 3.196934970739253 2.904136177680121 3.710072205712804 2.562663557464191 
5.648643528156193 1.518272943363617 3.4356880299433707 6.290968123778215 8.963185634823631 2.7272071852143815 4.336214082850912 4.606038522160769 2.7836447187205327 2.880156604355595 3.1933407448915405 3.8453654156569828 3.3206779104612885 4.179478832900601 2.22256130703629 7.693247248795646 7.902128083040002 6.736110763968206 2.78136254051766 6.3461397680708025 
7.556049665482842 2.7012667857491683 1.4305140740885924 4.865581899071659 7.174101027434552 6.396776596397559 1.1466681075672833 5.155668197301297 4.410976765583251 4.473606771303191 1.0148258877434737 7.192247168000083 0.6711165859811203 1.5378802621935703 4.594315456014523 8.499603503465512 8.265501788321 6.126799563194789 2.142117987676364 5.84032104574027 
9.221573933840526 4.514071965294228 2.3866338334019783 5.687191197983092 7.541796921407249 8.179719034883709 2.1139260656138967 6.657498265474713 6.157931894802839 6.213213398747241 2.7487985316537085 9.00497970700819 2.442716515030109 2.6814734090267196 6.393591748310045 9.876414767393461 9.515752842053054 7.1672214382865596 3.8517385040084635 6.948562759476303 
4.455391471047136 3.8005885432324815 5.64334227941222 1.2552034226719933 3.8465760091112506 6.377969709045855 3.5371979195774244 1.6865088838739517 2.9705568615340123 2.9214822122005573 3.577195527444685 6.182674730869157 3.8892000637902724 2.98241998286285 3.7699073102193643 4.311914168958099 3.906580856920364 1.7380392242575982 2.8259554907798363 1.4187170100487398 
9.61748326344863 7.2869231975372095 6.876746443203652 4.180028332656126 3.9971383124766398 10.87042939636101 4.5628080398931745 6.862269049094448 7.699443932372368 7.690568144138931 5.656392060471818 11.066677394204195 5.655432888027253 4.59580942673617 8.363060190366815 8.827938514907409 8.063546403467395 5.622779601438709 6.042707550712781 5.693625718489807 
7.959668462731825 2.803942298260527 0.5476599958622156 5.707631727901824 8.054095568993011 6.250092271152648 2.0314773874014764 5.739622563365481 4.742137490179538 4.816958156464161 1.6182506798261476 7.205581823797477 1.2951371548393071 2.3960464657026863 4.778443082257767 9.12348657911737 8.953418647500337 6.907306579131596 2.6372324113567696 6.603030799674947 
7.226927463335111 2.4121487928404415 1.5828262731472778 4.644553343818927 7.012501583166095 6.139649269512455 1.0562541396168854 4.8362244176528835 4.084879294516383 4.146780206157405 0.6861478019499395 6.90028948593846 0.34249662743449544 1.3407065847852708 4.28167986582923 8.18823297204777 7.968229305340218 5.862983786399278 1.8130088952756678 5.567808056370338 
8.445574106726573 3.3113227886383383 0.7047811291191758 5.97023550703468 8.22645599297389 6.734987769911433 2.197304453600796 6.175443052039786 5.235505389481792 5.308758811113065 2.0177356672294993 7.708914233305443 1.6741383067686757 2.6417762405740315 5.284938095356466 9.547275817768552 9.346414532246243 7.23661758728749 3.0879265836425085 6.946615480471715 
1.8739010799792253 6.669928019224219 9.44551180015714 5.404579214703697 6.582864633279135 6.505385824279876 7.985760836685484 3.446009225140503 4.628122991416361 4.533805764107149 7.588838611157552 5.303512359670624 7.939140379482419 7.420478922311581 5.063791697044967 1.112391433556083 2.0532121938814925 3.9612024425086565 6.497250808547471 3.8637278675939966 
3.3463743983078835 3.761806184102258 6.083625391816904 2.222561140143309 4.546226900258291 5.679801251966408 4.302486666467611 0.6328300550379606 2.3559797210500086 2.2809472770544756 4.074810034195294 5.291431801437014 4.416370487065889 3.7343647724003457 3.160943896646856 3.4787186526719163 3.2763351093544695 1.8437256534179411 3.102392586260292 1.450364309026873 
5.969237824662784 8.177157752427336 10.053664166126438 3.912424033373826 2.8566780033017563 9.883985341150488 7.713302949848839 4.8943977909480845 6.781302462839692 6.6962282232116195 7.993742465512005 9.121314208198807 8.282159871681516 7.2206076982145255 7.5550897192801685 3.5348271646618663 2.5908945545644495 2.744028010427785 7.288571568489472 3.1144496548398015 
8.764588434452314 4.691295899427393 3.391370580237755 4.57385499842731 6.201477073215066 8.468991815330394 1.742635201873709 6.039417339008406 5.944952373913414 5.980530264206537 2.8102356844450824 9.081220108229642 2.6339167267248293 2.1847051370638457 6.349188624698158 9.051059053142328 8.586754954330866 6.136198785561469 3.707430944497401 5.969599341181064 
4.237209604526003 2.4775357111557157 5.0853567901092545 6.3656477305702674 8.972464761061161 1.3499643426374928 5.4393764926346755 4.025603295992168 2.1936416437718247 2.2620067658810616 4.358264287119784 2.126493475629669 4.583840657257544 5.129769526658199 1.3820106481345484 6.611958297282364 6.999866529060011 6.381300193348748 3.5508297855609956 5.989380310087692 
1.1809061810703194 4.1062783229196755 7.019057900274225 4.8711855075635855 7.02049129068709 3.8750636622115264 6.086122173133633 2.0326015109828757 2.055429613032204 1.9761349456289912 5.402989008692497 2.9743054695212545 5.742250535417348 5.565354156618659 2.3104339621004732 3.407034172401967 3.914615802900967 4.1193924046492 4.275506637053457 3.792451248208935 
4.814961477531221 5.666583898106866 7.472450294620135 1.4775435809553739 2.516803809266124 7.845671702727653 5.185483951612571 2.737328811134876 4.521468450253172 4.449498480306882 5.41000778463637 7.365219144971105 5.702447906884562 4.671584722867724 5.330097551105264 3.502197979444796 2.7543660436926727 0.3958359588221687 4.71683619796184 0.7402168975903068 
9.75238487894746 4.60019926660203 1.7295049552545294 6.990150006796063 9.05292337775058 7.885029335621857 3.1950914222440536 7.4440139365502045 6.542978964611722 6.616400769158787 3.2809491706866694 8.936080105610223 2.9310540169311987 3.7192778843837075 6.5768422750747035 10.796118993041663 10.553736142328372 8.355001335911938 4.378734384453714 8.08907694403178 
8.668230606234413 6.820162777193691 6.858092342968163 3.1912680172510095 2.9691798086640073 10.251375205323484 4.3675670387763885 5.963880302734563 6.9741226327889905 6.954614237631028 5.365203928998016 10.327545445798707 5.431071494444467 4.265712529750006 7.684593529591654 7.762481262390079 6.98432167105153 4.567475434508234 5.555193181303837 4.661783303761442 
2.3421664813540812 3.4387505394852003 6.159036270672427 3.4772879299661796 5.780852489248134 4.557088484237057 4.853848386579344 0.6331614845580271 1.5290605273299747 1.4331602272099446 4.331118299433271 4.046656667992757 4.680815330307267 4.306775253513575 2.2259811180837197 3.4417746915947878 3.5903449604725353 2.9625712640780186 3.2223130371119844 2.59148331079812 
