30
50
455.9910068929221 1437.5063454149845 1407.4210338063406 1061.31325987373 418.12724060861217 860.5634252579475 690.0356750138828 1171.035424058009 414.98725251233293 1145.840867682888 849.6254392445826 1334.3768143329155 1222.8910346268367 1473.4972211347972 762.1990625122772 1499.437719386633 1253.5812632259892 1160.820952164207 1374.4899377475324 1235.6687887072712 420.8188384056713 1020.6988018584601 868.987722030306 939.7724246010092 1027.9530089683046 980.9516944150084 1525.6757015599787 1296.0508300195131 1467.771018307251 738.3884880248991 
16 174 153 91 15 71 47 118 14 112 68 147 130 173 55 174 121 97 177 145 13 74 70 75 88 76 182 160 174 44 
17 25 25 31 21 28 6 32 33 12 33 5 14 10 18 29 34 21 22 18 11 15 13 11 30 22 33 35 6 28 9 20 30 5 25 15 29 9 6 19 15 32 12 11 34 16 28 35 9 26 
2.946234130874278 5.1305779896112025 3.9121271520177707 1.9471100525382512 4.398824346497401 5.587663035528729 3.7532394609075808 5.304858853312249 2.6457605648542364 3.459848658225612 2.969607693997125 5.211935871712678 6.53558793066064 4.7306022610249325 3.327857275218959 6.098804236876498 1.8454665633868341 1.3202527285093102 2.1147865928165412 5.279618549019881 7.942805751154067 5.164201052732434 3.5769067726946115 3.730128045355187 6.930383839470084 3.1578043823526354 7.125805558857861 1.3467367958796057 4.113420121354952 5.152850636347819 5.799156633154591 2.7659554736080425 3.9444258326301727 5.680584380475391 2.1915686551628655 7.777102914643393 6.872190812994129 1.811426727306288 2.7296882533288596 5.6776783629705685 6.024120667008644 4.527999986898046 7.9545067712817925 3.4711981751903997 5.46087542926625 1.9141399987178702 0.6501266008945172 6.80859056064703 3.6676183349087284 7.6134960349205105 
4.189631303054794 5.636918480202199 1.7828692683405856 2.855465605709253 1.9084681293531127 2.650926594604986 0.9645970809217781 3.4347711788081874 3.265386571469713 1.5036502542776229 5.705354056442893 7.654763501115643 3.5971462497139326 3.6055526981946096 4.9664282954827605 4.9966415992942546 1.1378838376611018 3.745860426668519 1.6382328930571624 7.172888390350253 7.569099175390742 6.033889146015995 3.695588143204223 4.128397646786634 3.9935708740160445 0.2619260938948048 7.457723579292254 2.7651557522055024 1.2214092422366707 7.88401966980463 7.7110975121488465 5.640668742939122 4.577028921222578 8.210856100209318 2.362071424790763 7.694259796710298 6.1326886608927165 4.486822316551455 3.7541797250153492 7.576793814410228 3.7858657728446627 7.3101149966972425 7.802953905294534 0.9132335375132039 7.463603183898026 2.624415737320783 2.3744512121654497 6.1638287127968985 3.1831338041190294 6.94324443377603 
1.7394823213725035 1.3746334643406077 5.124151669380313 6.5160644314884575 7.743888033022014 7.657119391902949 5.938488060731064 5.1507887943578226 7.225782143767798 4.904610440084652 6.321394694066105 3.332811042621416 8.655592901299308 3.8964585000269336 1.3344320745692375 4.2845463176190135 4.999821674042029 3.383764977523898 4.2122389172691905 1.8251775988483023 4.368833524286483 0.8095497981983737 2.378587551097362 1.900882080420217 9.029959853011126 6.087802878720141 2.889263968610953 5.9286962306367395 6.902010427151896 4.448266994717011 2.2543926114864252 5.710708996565393 8.548496603031255 3.9448118567771 6.610950637299498 3.8777929730435416 4.135267048707572 5.7444244126695265 7.333189766135821 2.1298547224670754 6.109424988690499 4.348245867749659 4.103456273869836 5.54828209835478 2.216666795722553 6.437505969792026 4.455123751073508 3.9526984348444083 8.082104283587308 4.5279470647331586 
1.2718509393532937 3.458728967808506 3.4768268106605364 3.547739388854473 5.165874624865023 5.724146151621793 3.8118854757761556 4.453513621518532 4.258280553578632 3.0714911620492598 4.115802456848047 4.32584812529122 6.73951942916459 3.5730505202301766 1.7837071637704551 4.79378067969828 2.2804807841156878 0.8465955556393672 1.798006926381924 3.929451198266763 6.34744861704852 3.4915973763102475 2.077438672451307 2.124706579961893 7.139203703686774 3.5984012869732567 5.450987759254585 2.966781711686817 4.542628724976881 4.6883573303861406 4.468112215307726 3.679620129836735 5.605165261784952 4.897054240793529 3.6462703616014815 6.135343705952556 5.397391782468869 3.1828225124828697 4.395206309890764 4.337183104624577 5.324381266274502 4.189073351762143 6.3204565342110435 3.435387099634641 4.1837115377994385 3.46514015998874 1.4877136239156568 5.307919926546372 5.126598553306266 6.095007802854767 
0.7028786761594842 2.064630852381989 3.178943021749962 4.846516477864681 5.709334329685253 5.688641623235088 3.914777376049999 3.5937919454391505 5.5498999828143605 2.9089724650836257 5.564987355130388 4.5541939058917045 6.700926331842729 2.47187518224876 1.509492325692405 3.470436426077299 3.0312459062646187 2.2681368212141795 2.1947789912022206 3.5697661621272054 4.8581758295690305 2.282266659722261 0.7229876497018407 0.6349971492162053 7.085148937434862 4.051947095497496 4.0560622643162 4.302902910496944 4.863846997834483 5.286984266091903 4.085746362165224 5.0831112576896125 6.946469666208959 5.181398950303391 4.824027836878532 4.666470108618767 3.941965064658606 4.671262863262991 5.757393707756706 3.95113388183528 4.545730192453072 4.9321854141147226 4.845382137912268 3.5219065289796387 3.916406174899731 4.725072493633807 2.754542969799144 3.840273480352783 6.245402906181342 4.617314980926875 
5.284680182714067 7.469030332292173 5.428693772199058 0.998490889206328 4.342246228626586 6.238091767553203 4.81303341633386 7.032748000336506 0.9782512497010629 5.015653435212117 2.5896253552297255 6.931619031856098 6.9898854385160805 6.739561585843598 5.6050631572057945 8.166517411767067 3.233298431109684 3.5400750928004374 3.9680699694150423 7.376474257481199 10.220649460462328 7.49930734160891 5.8413662304910225 6.041076709410312 7.340559027375897 3.9340176883438014 9.465314023631928 1.232299662853341 4.633484539193383 6.478545412523125 7.864851871450558 2.939962639386455 1.7044014090739794 7.2715147726075005 1.574342387433766 10.092398860645492 9.060723243979695 1.7416673269395049 0.5881138421394776 7.754620379133819 7.561184397748244 5.805572791713383 10.263439930303708 4.697336072370147 7.494445372539445 1.2307394585591447 2.716547631606649 9.018437315635733 2.266060583135709 9.83001937698499 
2.4189645901060883 4.5780934454592535 3.5355793752965887 2.4050108180901324 4.4407914568537095 5.408199992144066 3.5207795364100027 4.843874799396662 3.1147517453738516 3.085936415302472 3.4219441786289133 5.018772402541353 6.386888108490767 4.205114017526783 2.87246838624472 5.555257304835766 1.6682774068733335 1.0221609336150934 1.7017667787467508 4.916324624536122 7.373837060070516 4.638314860722618 3.0084804499861253 3.1632011038802 6.786006560308211 3.0462445194776047 6.5749526230354665 1.8199058798761811 4.018319739769522 5.104810912854698 5.446183417478638 3.1386915000312583 4.458024783146358 5.528026301207464 2.5480332252731124 7.2121182091813365 6.308681509971463 2.317084363299432 3.249515482068518 5.32035150997763 5.60412668034647 4.513801045062188 7.388261705095834 3.2013358965561127 5.127085579882609 2.3337624431697197 0.4692064021314224 6.2428624409876585 4.036756875271094 7.046834514969512 
5.997242263822865 7.81051879699299 4.204504574624475 1.999979662035112 1.780087756946859 3.948596020072163 3.196892074332907 5.829770310518891 1.7846319759339992 3.9481863438458014 5.277716209959211 8.78917200300145 4.501001295716208 6.043844735107555 6.626457041654476 7.441178094382604 2.78681510696123 4.842823529665518 3.6764013957406165 8.745053562320539 9.979878215240541 8.091447734137715 5.894492428844659 6.267771418903514 4.807834681840556 2.3328399197914345 9.725458510323808 2.4472832910197844 2.496143826373078 8.653126028047607 9.27854306531305 5.505699166251514 2.550369731215856 9.249048071790257 1.4643442997715628 10.06064580167613 8.568445709035945 4.220500513200946 2.3069644768321242 9.15100878687541 6.035802665873009 8.001811875107315 10.182774509010697 3.312158128537925 8.965626089487843 1.864467806701574 3.3973292299872333 8.592428574069068 0.8645938693340818 9.378748902628914 
4.591814217895877 5.011474483193695 8.378634712400226 8.017270728194042 10.350899006355128 10.823470458138031 8.94786237974755 8.739405585042881 8.638708025236552 8.055208137107467 6.128243124322345 1.0147370274211496 11.844695487233272 7.513064592554852 3.7442720864343784 7.984297335209234 7.468374004867258 4.949738908065014 6.962786532772315 1.893725581571273 7.578705494857525 4.303044735312527 5.825434687308125 5.399793436967958 12.238658527785882 8.801969449575315 5.7570527111742 7.439035011012287 9.741403314715049 2.0015558902084316 1.6296640947146745 5.47086085870243 9.631079347762743 0.8939683946490112 8.370052847486228 6.908502141424465 7.725287288727431 6.275432069536601 8.506716637498732 1.7052128813476288 9.704155177375283 2.506738910709222 7.139661390362358 8.557415377949798 1.5028416451788704 8.046242406914818 6.436997133314515 7.526077996793336 9.812855535109307 7.973900245705595 
2.3258230766763486 4.011247447906762 5.805783666105832 5.0079815235815515 7.386037124698848 8.090529263976293 6.176499645795141 6.567530553711497 5.651251753352499 5.418968790289183 3.7310406763537833 2.0598795722998906 9.104656897869793 5.4902635020418415 1.7259889486605429 6.412106826266052 4.531675445483408 1.9412167593826668 4.162947339273134 2.4252952545373265 7.110841940668856 3.59104802794469 3.7380275726757577 3.47609116640598 9.504650369669404 5.9008136566381655 5.670125585647874 4.421403107696698 6.863569153522287 2.3392938222030755 2.8680365560810066 3.0747506794506356 6.7371569250834025 2.574610196332578 5.34059682851538 6.658635856217671 6.629225131638369 3.483220846335689 5.568344781332945 2.7697193224924144 7.496584502440381 1.916475935746706 6.8818230170777746 5.8020597885737395 2.4819331976427628 5.025266566003001 3.4296832330135336 6.4785040992759875 6.793280700008539 7.154862549479989 
6.316910659636732 8.20805352657414 4.744433862378305 1.9475021267516088 2.3018269483613754 4.494697372001183 3.7542675409844413 6.378815394663264 1.539564509153394 4.47136844444617 5.098258081895548 8.912510074999428 5.006702012079999 6.553038772790698 6.901843488629924 7.961488916173156 3.193191001717248 5.032106992274274 4.097624416152936 8.975407829137113 10.462973472057868 8.453646654976438 6.3130478937228665 6.666613570912086 5.298775657990873 2.8766792179822125 10.146160500691721 2.482532326432844 3.062412101870913 8.69149488272871 9.503344484074658 5.390091748624481 2.039952816435041 9.344842421930043 1.5384697765426574 10.520157592552692 9.072060769399341 4.12002249682563 2.0028187210653616 9.37851100172942 6.600311384054671 8.030139424281984 10.64854829565107 3.854710133725929 9.17663234836859 1.8730128992039174 3.643313461616526 9.089528537271224 0.3312709210907304 9.881455291738435 
4.282322503181585 2.794910220929581 3.973245471015657 7.8791148260983945 7.18216544233799 5.917229011842195 5.079801416877786 2.653406520555418 8.510081044769223 4.15780449360631 9.23292448325965 7.477617544385568 6.674045878145636 2.0556888124760526 4.786260961167432 0.7373583965235518 5.595449756465739 5.943077378118687 4.743494216711185 5.9112138697408545 2.0784397338714804 3.5039937333280418 3.040947831189687 3.1072204058155832 6.943008029466531 5.800355546092576 3.0090233839229423 7.4544090898965525 6.10387756253118 8.530104414226633 6.239011185712688 8.776217939677561 9.93536373159721 8.09239368087959 7.635072753767426 2.515557732193402 0.5151452232503877 8.256882546624936 8.859021803220436 6.135884929664086 3.2418417388599083 8.327187268659443 2.5139863521674184 4.846215408381706 6.301737088794955 7.696225012059353 6.002552377034004 0.648165843769898 8.788172611276396 1.3025902972888317 
3.905272238344202 5.121834035387829 1.0580824135603697 3.4820930135053207 2.391762995953148 2.482556569066173 0.5656191258563847 2.7130288196418624 3.944179371253843 0.7990709280130355 6.122730228615705 7.560957570196429 3.4925812158772485 2.9104326326958985 4.72472388338199 4.283557253606387 1.3975135304138124 3.80095103220414 1.4515526930127798 6.918828570417591 6.894548007318803 5.576095629909624 3.2023433855379424 3.6613891683862523 3.892886838543443 0.8458256327065856 6.874756246414396 3.3111807260617763 1.445449273629935 7.912298212118689 7.450886214656367 5.9881548347495475 5.2830002810335195 8.142316563521021 3.0323146850422864 7.051064481931297 5.4363865460249885 4.909145146691989 4.413929222933835 7.315737628148378 3.1123644635072956 7.374414159083455 7.1505326978860095 0.24940789202825553 7.233364249277336 3.2555553616848836 2.6010004984737103 5.475527908240282 3.9089906542809185 6.246438127253419 
5.698055365935053 3.627975849121711 6.095653042612559 9.831401835459214 9.30735456198445 7.9843425379750865 7.203651519403862 4.742971039827498 10.488831893459018 6.263796603525645 10.805353656330466 8.1063837869014 8.68220179198932 4.152550343330913 5.954286256236376 2.8466086352410813 7.60455944540686 7.526247791024671 6.720909643867865 6.374679234167852 0.5961904436262007 4.121817193113272 4.7450664247955 4.63744190671225 8.92174911652453 7.908408515825692 2.4596656438328406 9.365074976724042 8.229066603759527 9.32519340154775 6.543092529024914 10.279870145292612 11.918368995181144 8.663990821505747 9.638501613178931 1.3387286160746923 1.6276258054267427 9.943587554330179 10.800784110481077 6.474156215047549 5.202795265616238 9.266961245412158 1.1408032770507561 6.962981126835928 6.729581434388605 9.66283767232565 7.855306468029123 1.5968845983134425 10.851724851914366 0.8227141657911836 
3.836268524356398 4.527205015275922 0.12572297467356536 4.600370584909793 3.301955249337955 2.525179239440056 1.1946388988412169 1.5363605903862523 5.099124420884359 0.5694962318261089 6.993228120979196 7.682126162610193 3.5144498739075964 1.908172187267971 4.683868303176867 3.1837777149271016 2.352908112578524 4.278132625259081 1.944205703678037 6.782889697718142 5.892449922565986 5.089403704105577 2.764813813344273 3.2450314249741217 3.888640388625654 1.9821642561417274 6.09197271623776 4.364670192223102 2.2308265943558965 8.219514302472259 7.29285861549997 6.774865864852899 6.45399306187464 8.293959648128409 4.185344410822126 6.126330979829273 4.383919440607546 5.804905214297698 5.552781998468389 7.158911162420873 2.026781659064773 7.745495355465599 6.202494777010713 1.0028653742075972 7.132258692494025 4.3795162123320965 3.377842821636088 4.446491784350226 5.079912660343667 5.187215165003677 
3.7219114214802125 2.841733565474625 2.8595371621986154 6.851883529310989 6.072317425685937 4.890432292601986 3.96707587950136 1.6415757268356188 7.464512112953665 3.0483070978103397 8.4314441440505 7.277682133048104 5.70278110482358 0.9670208835325973 4.370593266100751 0.47975705212756037 4.54382417302027 5.188603459142512 3.7229638340039446 5.866975273860904 3.1428242447504546 3.5688499346320173 2.341636003648916 2.561950354761697 5.99735124175445 4.688811707620111 3.7081431863995666 6.455643794852481 4.995766015893994 8.206780754747136 6.267650426676647 8.02231240606912 8.883655636390138 7.9075586712612145 6.577658953969088 3.469407251018701 1.6117888965006135 7.394280123125128 7.834150628299643 6.1505432864487215 2.4015754432816903 7.923699573225916 3.510086299889073 3.7323601487135036 6.259124881922723 6.66098087656788 5.056691955923522 1.68669187029552 7.694983570442613 2.414783511541116 
4.3276828176123665 4.404687712010781 1.3316792273756 5.803534281924284 4.265564377085981 2.8919539734828 2.2694086897842354 0.39776304957876196 6.30594759305013 1.7357029495756442 8.075959229343987 8.19080960032661 3.718024126481368 1.472999477629072 5.145605749515422 2.3008307286366487 3.530304992263223 5.1638418455228505 2.993665500104688 7.070809935012855 5.112760322365454 5.066274549646117 3.011985406936703 3.4494841972793737 4.028830921122583 3.1420692684654723 5.645874882739142 5.550315810795135 3.1880162978294857 8.880359004793103 7.544969781519752 7.80857729841534 7.656334203131648 8.818629520455591 5.392193067520065 5.468547615213668 3.5527609484195057 6.910805260233301 6.758880366400092 7.415670523754606 0.9526061572324558 8.46644224957962 5.505807542280988 2.1763652209363666 7.444994842406077 5.583946516189471 4.463546550844776 3.6597764998116613 6.250631478104558 4.318906379534086 
2.661669942462476 1.4476374842087345 3.434301637491063 6.642646783223006 6.587123227735628 5.8132040568029915 4.501166899285244 2.7802299068684846 7.3139179035688695 3.441289625739847 7.68201379269799 5.9457846632197855 6.721200559478728 1.5880517157477378 3.1629649084468077 1.6255225891010827 4.482303987592575 4.384486560525287 3.5786110074002826 4.480623719867604 2.874722841646762 2.1709033816799392 1.5322572525924818 1.4998024911020091 7.052677237142856 5.025489156695789 2.7010797401263567 6.160311297163466 5.561453104156277 6.9428943975616475 4.8712832735988325 7.1987099209115835 8.7415187120559 6.570739408404172 6.488929192144569 2.877456345221869 1.8249374237526064 6.761248426341031 7.603974627219009 4.75550608299475 3.6746868259650274 6.714691223482565 3.0054044092051146 4.177921604814419 4.873505492478756 6.483289188021164 4.641542049112484 1.7245033906640836 7.777405595178095 2.5138747218775586 
2.9527639581950913 2.2916734182923464 2.654670085226921 6.287252482678917 5.8613621056992615 4.955243348750394 3.75208902868291 1.8963661657293511 6.926133548173771 2.732552445512855 7.7055587747661205 6.5540343975231234 5.847584975151122 0.7171689303000872 3.6140746864112803 1.1938235912653297 4.021773308023626 4.443269372376835 3.1543289482864623 5.200405116763276 3.3756717212498124 2.9926448121142912 1.574775761369946 1.7982902383371995 6.174206504364087 4.3646814567015015 3.53118477643854 5.856452741123192 4.809779286710323 7.4548038518597695 5.625631434129889 7.2808983678551105 8.353868220425374 7.185719285322021 6.060646131134374 3.5397109507530815 2.001645446565386 6.693578461825811 7.265697240759117 5.503989806801486 2.8067352380785353 7.161093569395918 3.628820925022267 3.459918106216697 5.589863185820953 6.107803003960535 4.40699070876132 1.9962605329443068 7.260084947151966 2.8002068079542837 
6.1483588960490545 6.983646592119198 2.459164599804225 5.046745542918667 2.018288512985407 0.20747620261632205 1.769543779576126 3.295992228813369 5.245673403764387 2.681357972373526 8.127253223647449 9.882405964666628 1.1594061582874395 4.222497350459275 6.987244894308253 5.211908103882628 3.5801198294825993 6.120648030966128 3.7835010913336733 9.150236396644862 8.026120360316632 7.5490362002026785 5.20805726745948 5.688529200321302 1.5599867678722976 2.264635073600183 8.470264009476617 5.108509766491093 1.401453452616748 10.243379557900925 9.672654126480879 8.097106119102847 6.2850677006479785 10.469334070184711 4.458269092575104 8.373044468371901 6.464382437532103 6.913878371445382 5.786428881291669 9.53771254243378 2.9525224046467797 9.698255559617223 8.416649708798241 2.1502648489855463 9.482671101698381 4.819313855694633 4.8265475403096145 6.573872624402103 4.607628487821707 7.2197914853720455 
0.259056851821152 2.4654522463059427 3.896881666096742 4.657463733109415 6.077418665734394 6.338186541005251 4.481760238158503 4.482994198825697 5.36776789586508 3.5661980790998027 4.858445557673906 3.7325538292376677 7.358920206036949 3.3867735502004157 0.7801151983215915 4.36140660602083 3.237202373856003 1.6402559071845064 2.5551458014870683 2.985823792220896 5.49094360542664 2.405602468166535 1.6388606996675994 1.434511430956222 7.751661209274401 4.449096089483992 4.425516197445507 4.073559358145171 5.341220845236308 4.38860817577288 3.523215713360899 4.327254401249404 6.7048813775917715 4.349681852443682 4.751621663364488 5.1968500884429485 4.733891895283198 4.08546932393924 5.491842882031513 3.388736577720314 5.424941198643043 4.0178483079511675 5.3959227050062495 4.08808268689591 3.2883588160522392 4.5760663544910365 2.594232689643761 4.611470883375162 6.227073260155543 5.3566083294501565 
3.0864885322543545 4.25939865875916 6.774300932388234 6.110565778105537 8.504906935981085 9.13039992509902 7.225589216073283 7.378108339896826 6.738451504225496 6.410892944174819 4.468098715682366 0.9292939987643877 10.149195730605795 6.225679790531046 2.3017182073261417 6.9742992798059635 5.63840293348443 3.068179067697612 5.2147019718800225 1.7912673122543006 7.243025863970028 3.6858863625207934 4.465151855963765 4.118432183725625 10.547716875341582 6.997427263720426 5.615280604136074 5.530596048813006 7.953549672602097 1.5714626869469317 2.08244787737311 3.796402699105374 7.768257904083622 1.4767628367446848 6.461386785975176 6.695861984445478 7.001322159315109 4.442975287894665 6.623997256059031 2.0216095265922114 8.329300722250064 1.475437704609936 6.927366102274373 6.843620003825852 1.682136925847844 6.137449258025416 4.557860541077932 6.82802979882824 7.904398703744848 7.426063430424264 
2.920515140072959 3.1140607311790625 1.5099344835216622 5.3056045164850225 4.699658620338834 3.927415625715133 2.5940204941241634 1.375215798326498 5.910861581071488 1.5697226578362955 7.0899091554817115 6.769125974072383 4.873600993760563 0.5891583616014772 3.7252818902855127 2.029018604095362 2.9903324886322977 3.971653773794101 2.192691275549709 5.6461269172489 4.529615832755695 3.725966926350176 1.581767974086676 2.0232495457426154 5.225496915646358 3.207132918341588 4.6270812341701815 4.927748217461525 3.6538237030238276 7.496389532467951 6.126194521842802 6.742334142469614 7.328459940758575 7.398473523018407 5.022076522629905 4.701452633277084 3.0947746861775887 5.992884008636846 6.2879315389428445 5.995903690681198 2.32339196430268 7.110210400187392 4.792522910519101 2.2962530773784824 6.018173580553339 5.111303734684599 3.5885688180827895 3.1197742065691325 6.153800690523398 3.904724222238042 
3.2754365611058525 1.0704521655155566 5.4025545477571635 7.980301272402492 8.465423542901991 7.828622180257863 6.428213061876198 4.777811778915359 8.684324176540741 5.349904309859549 8.26859007240434 5.156728816328928 8.74321739444936 3.6103567558682936 3.2539746481542875 3.2559812224884994 6.068805295099864 5.135808125651293 5.17385893174699 3.4327037932177538 2.371870269143451 1.2376795944934793 2.958034218894256 2.594462157528004 9.07495455563223 6.847283495432386 0.9319338137628054 7.431094976922346 7.479392559093425 6.3808677881990805 3.6405828805830858 7.683552900587745 10.077492850814831 5.719086758381428 7.949023015313946 1.8334163378180854 2.5779374526622574 7.5757949473653206 8.882389958498283 3.5601681920630317 5.630819094036008 6.349796893791259 2.0604379492805487 6.079159905434643 3.7962984748723665 7.8593569917864485 5.885569303145278 2.364557116483203 9.345840451030568 2.7124993109290867 
3.8366821016424217 5.1347400951945215 1.2250280861344616 3.288356170290821 2.3694433219346727 2.62732493226757 0.7213215768823751 2.8819894854595356 3.75921716754498 0.9174788674082641 5.928574778952731 7.448416267398156 3.629198241352044 3.019143997612624 4.645949263596164 4.410246493181214 1.2059829051026305 3.65171390519511 1.337029206575862 6.846491711938362 6.988410146596559 5.567371958765799 3.203000378252775 3.6529952753571338 4.02991400035086 0.7557763624955174 6.9183826866059315 3.1126021684875615 1.4842125791663985 7.773813342137896 7.380735083898954 5.799928145224788 5.107108550288354 8.024448667840332 2.846291469591365 7.125553186614939 5.546463210766467 4.714168648600005 4.2243762737542205 7.245712849847576 3.3043856221271324 7.228586668884848 7.230412172837095 0.4472756633103838 7.154756471097675 3.0625707236889523 2.421031629900375 5.579132497900895 3.759181164043264 6.356999881194283 
0.8139325849657385 1.4884807576944494 4.180697785686439 5.624388039911565 6.740233535110346 6.70552726658988 4.953405027808045 4.38484392951335 6.334942922873267 3.9351945630507923 5.804998904130354 3.787256841645687 7.712366684570241 3.1654319928911634 0.9180752359087674 3.8392043855601603 4.006626594459441 2.6439471443578895 3.2091250099002986 2.5926867065475974 4.57423780984783 1.40585360716054 1.4852552699976527 1.0452386255083899 8.092404518204479 5.084408951559504 3.420396675026417 5.049547736669858 5.90495612510318 4.702044025741089 3.0899967039374476 5.243786945099914 7.690751354369207 4.419859464157419 5.67767920150239 4.228958994418986 3.9854318096769226 5.0820693597098545 6.480943843056712 2.9570077167853617 5.349585963731594 4.458926318009833 4.435232148009049 4.561265423870438 2.958987908779203 5.529873832841158 3.5370624036564307 3.8370624028075246 7.135094379749518 4.531810543565673 
4.956277536905783 7.1687294527857865 6.491584941427869 2.8268264453183862 6.229872916611323 7.872165244318513 6.182104843426681 7.915361388785928 3.0824363982557235 6.0413527238740725 0.482103678348127 5.359290638458005 8.731612404701947 7.299581064711523 4.946391922703247 8.623997479996943 4.315766957005768 3.102417875293698 4.722564408126249 6.2121885536004475 10.189519719342384 6.991264711190114 5.962216112577387 5.996479565679589 9.107125075514606 5.429989228113328 9.084524586896466 2.5851283977973276 6.290494796651295 4.647032715311315 6.628447773678268 0.9209361230793023 3.5283746809329446 5.576663288975175 3.4306178519576225 9.906278557875542 9.285435714273465 0.8059293982465975 2.6839407217182503 6.540123770186931 8.622450574718615 3.9857117510021993 10.106655017989315 5.956652731776064 6.231456449868007 3.0123747270133276 3.2515651234160208 9.195831964311852 4.382108110381241 9.979740555002097 
5.771039808173467 5.89996957405061 2.216786941156376 6.3787345628751035 4.002416143914392 2.016147509996203 2.559151397590826 1.731063819611129 6.755712427491154 2.6622542486605583 9.04428860544017 9.64452909295259 2.5374148767221083 2.9683009195619836 6.603870747209852 3.4822259053719016 4.327744114871621 6.390265738040114 4.051655120254657 8.572640459592684 6.244490673779817 6.571372583397958 4.501876469588047 4.94976555085273 2.766781079366147 3.461069868911154 7.019223567573185 6.255941350648216 3.0584336113583883 10.27044235656705 9.05135321660915 8.861179562048221 7.982474477469871 10.268071609570947 5.869972890469343 6.7045109363647315 4.6939865885653616 7.839062483251524 7.262556170293867 8.921473324324104 0.9559968157211651 9.82160252176868 6.707517666949252 2.7031056051797004 8.944019324313876 6.147536581312147 5.451995296783405 4.8414347407330744 6.403167271737871 5.377968408668846 
1.076895521434755 2.169751967321939 4.843134459284552 5.587225151341757 7.139076210137571 7.330544360540024 5.50453754044214 5.207789441422065 6.292067685692743 4.547156206235995 5.275051217729479 2.9276925598579133 8.348055273691209 4.012510932380867 0.3224903031130204 4.7198154760343884 4.297049600700225 2.3810687879356056 3.6110641213206947 1.9376152864537954 5.273723828431125 1.8047152273439704 2.2791804712487433 1.8867892039335121 8.736433269323294 5.507322570120861 3.911403193362068 4.991148584153919 6.389678333679475 3.8212026662453233 2.4710110418607147 4.6702884739317305 7.579826412762841 3.560253004447338 5.734876980799434 4.846141914386463 4.817920846142545 4.7014987149906045 6.364393765385267 2.336008493158728 6.170035050413158 3.5936934029496377 5.065245610773998 5.109686693015066 2.260651618381941 5.527382397532769 3.5810896226742157 4.658861840050225 7.220256288388651 5.318316306586526 
3.7044862032660886 5.669703663055995 6.530343515035707 4.362872899315502 7.352273398704221 8.50267338700162 6.615971019119917 7.605912434177889 4.876668733921866 6.095022494958828 2.1280025071434014 3.0398979755222255 9.474348497749256 6.684357635640424 3.3346432225366724 7.78968119593576 4.751432992382647 2.3573822826339836 4.714788694393512 4.0423441834831655 8.779310447505576 5.308482352781133 5.0303497202073855 4.882112832043884 9.872204394254219 6.109658028218165 7.402399293956679 3.8655712905026545 7.074247048608284 2.422322609372029 4.405348435717921 1.4575379256876162 5.685144731033796 3.2713539405981047 4.848582733823748 8.36416563077783 8.167787750475583 2.3210390902964324 4.639976244101344 4.330834073223463 8.468818921389008 1.7494451923943508 8.583551377741461 6.288999833904397 4.003783649525758 4.458568021503144 3.5064367883191294 8.035121395262529 6.147983603117087 8.7527428785772 
