50
50
1236.2100550738085 1802.6212016904328 1402.552958989569 1714.8533981586256 656.3655932377626 1872.8674701183973 1229.1874057425307 1344.7008169012715 1128.1220532245638 1463.3402105984815 867.6326099760129 1363.6472244637678 1400.948034924374 1932.9994226309364 1171.951167651005 1308.0444998371142 794.460320991748 1436.2699522685248 937.6973701055259 1829.2047746974824 1959.163894263569 1624.314232571521 1420.735629507772 1801.2808457337053 1764.2432769234438 1674.7937250348837 588.6350788536581 2006.9748828560662 1250.4733214865037 1974.53255005372 1114.0741857614387 1922.4192587433079 1912.7977518896794 647.3572952876402 1973.1440071722304 1643.121647203413 934.3849803622523 1398.7492766487603 2128.5427395366983 1647.5584213058041 1418.7187437226107 1934.7210282997235 2000.3070843140129 915.8996291209429 1644.4012552410247 1681.2047714217722 1526.5344633141215 1504.0494009886668 1995.1692274720479 1526.8420170663528 
137 320 162 242 37 312 130 145 100 192 72 157 160 335 110 145 60 165 72 270 327 217 185 315 282 267 25 362 120 385 92 352 347 35 335 252 70 165 392 220 160 297 342 67 220 260 205 210 337 200 
25 30 11 10 25 16 11 12 26 10 35 9 20 6 6 31 17 28 28 10 5 31 5 25 22 7 7 6 34 30 32 12 25 34 8 9 28 35 26 32 31 20 29 9 28 21 28 34 35 25 
6.074093655791298 3.1315789359798476 3.5143990887538394 5.369423485263275 0.5841481025773079 6.261165690445438 1.456831293815283 5.503920927236788 3.7103141901466934 7.43958042885812 1.9516069097475524 3.372710810442024 5.957309173280244 2.3016079158517653 5.465321176707247 3.7922358483513015 6.163267110745759 3.376470246764751 6.05755887889579 3.6247308750518332 8.515116874491085 2.9866183597662044 2.927583681024068 7.1966043346355715 0.854271578029467 7.791230246843317 1.6104263479193406 1.8196355385262883 2.834034005418176 5.29932594596832 4.818418972107688 1.9605684926366016 2.0989460640817033 6.896322263372521 4.353478554817128 8.752974479517103 3.6682717040080535 3.9035378779192804 6.876595861574516 2.3231418196784657 3.214457795986835 6.971620975059954 4.311244029959749 8.462625103413755 4.4678434448006525 4.324522648358744 2.162565857512169 6.878987327883408 0.1673308613677703 5.107083290468399 
3.636183796862026 8.399446293666674 5.901796221355516 1.7981358667602434 7.734322566507538 5.390553078817899 7.749539743007289 4.408122637610424 3.474970190735353 1.5999107529515952 9.090737037921059 7.140000836579902 2.8555193568328074 6.847581671664786 7.606303519303477 6.002808958502893 1.9415554376866737 7.4666091571324635 2.486275398369671 3.579653439767422 3.6713212695341024 6.906921719786938 6.909981629645825 2.0190656897821952 6.321878947240782 0.6677024286125979 8.224121137422406 8.12474500193953 4.343057072385604 2.1586158876097707 8.425202853296085 5.209007645132429 8.570882062649748 1.4313549287601899 4.289044046983625 2.324661562626356 4.403685597488697 8.586247360260925 3.607690203313543 7.463176604915666 7.446398513722103 5.52732169337329 9.124353590492863 2.002210450170244 2.863184578035385 5.953762372025593 7.521155082497055 3.248903369077556 7.032669977567908 2.1511812962856656 
1.316479876759671 8.817886400313338 6.760521825984279 2.4915811195976616 7.224837394490012 3.0108993217261615 6.84394582205384 2.239224693567205 3.3434469093879864 1.1998227894180833 8.466192258674537 7.852311090391487 0.829321311387976 5.63918473510959 8.887526985047021 6.956167909412212 3.878821315254819 8.135872531142391 0.6856082272741282 3.827532221560654 6.124293943085073 7.519084916769954 5.488999813401545 0.6789332006774111 5.905676325546722 2.969757536494588 8.12974270811239 8.144874816349947 4.100445732505706 3.44203011998089 9.374937529176055 4.907899225838557 8.562238977593754 1.0577071309938635 2.6983537367168893 4.757684757045951 3.187595707073068 6.987417321595565 5.749309361335946 6.24519078260326 8.06671583027249 3.0605682946837263 9.764841875241046 4.450011657675531 2.4848930902458317 4.100365083837576 6.358358419247031 0.7701906094278594 6.576032881164919 2.1953039099915443 
6.173231379653225 2.376074107785972 1.4790833239876588 4.451882004070896 2.5238687420320742 6.895439823121524 3.449580884765423 5.890553780366158 3.0987978595834145 6.835830300969688 3.729270729670138 1.7005590370368104 5.794620277071138 3.8603319003952867 3.615710301779762 1.7645735687061672 4.73578748068132 1.8735339118364414 5.768532255868549 2.6830456864737378 6.7710614858190565 1.283419216730456 4.440247413970761 6.73531259238799 1.7810634081202283 6.694207614357557 2.2135922007347233 2.0263160486014478 2.407908981459954 4.0421984145116205 3.3381333700752287 1.851408917362958 2.4706828304147352 6.282111835177108 4.689634780353127 7.319788628479086 3.971548951449846 5.760640532825696 5.062978928320455 4.111556365690714 1.7552055285810013 7.5540117104923175 3.3732031966572236 7.064354573021372 3.958755493354972 5.34120975234381 3.992553031636416 6.803856866990191 2.0425697556789806 4.402126532926685 
5.103510233824863 8.653481613540988 6.012599521491416 2.7995250872422863 8.51459362370591 6.8570488579977384 8.709600538904594 5.8501884592167075 4.410616729483391 2.968262469082484 9.883531546209136 7.2683991229055795 4.314529072959407 7.959193268388881 7.315339904343041 6.041246177991676 1.8632524389968026 7.605958059348588 3.9462996723213504 4.322189002773061 2.3164384457346596 7.111947151733531 8.097991070818104 3.4441368626548297 7.121602504708234 1.071856358121297 8.775919571520555 8.618434353007702 5.215191331166183 2.6336758578129134 8.33763048298068 6.028208873878832 9.063694500860006 2.8932231681848455 5.61922179684149 0.9127722250844597 5.627380717394676 9.805156906834984 2.7864309735932697 8.560401032958069 7.617798191118195 6.9994076865665855 9.215029135253332 0.5820349150832558 3.9956612217636875 7.300718354708881 8.594950180771775 4.711220541552955 7.81635082460196 3.302388554088282 
1.2782173689597682 8.892418344029783 6.8479833557353045 2.589612407117747 7.271985688499475 2.9508154899407297 6.875679985165732 2.21051606715928 3.419215903107886 1.2498075426223183 8.506622230829619 7.93525770044492 0.8551896204142462 5.659935451045351 8.980715698127526 7.0452092314520876 3.9787278062291676 8.21749719975581 0.7511267537288255 3.910008139039784 6.216638883945666 7.600125040247415 5.498963968734075 0.7180703432061403 5.959603824085937 3.0475917941882535 8.189915860849716 8.208695410326701 4.167803860972425 3.541197220852882 9.461664836446174 4.969405522540721 8.624548308215513 1.141674660464296 2.7147355689592123 4.837044291269716 3.2214036825283863 6.983504259312772 5.848915610039103 6.263684275721241 8.147257549751703 2.9832170893016623 9.84420242667785 4.531011005125595 2.562117160379908 4.088090472419626 6.379300074321196 0.6789565840561258 6.6266432812714235 2.287055425902379 
1.518244057036322 9.220561300731509 7.146760053649959 2.833124720199993 7.615423644097841 3.1030960039747058 7.212483975379662 2.461664701488753 3.745798888752618 1.133067454150978 8.84816639958899 8.247008000522877 1.1931494073450413 5.987437173320432 9.254490946344267 7.338297039410687 4.1400594192373745 8.532403504390032 1.0886070595270323 4.223631814275305 6.272934717474228 7.916403877403285 5.81370899555726 0.6060349323272552 6.303017582313188 3.01980336976446 8.531446450979587 8.548142444792825 4.504419973754749 3.7668597302827407 9.762483742568904 5.310201277813636 8.964957028946763 1.1858753075758595 3.0396639120106546 4.8090968270642716 3.560303568800927 7.275897041308326 5.997472084666734 6.588590270287798 8.464586263154413 3.0588356785059 10.163907268589762 4.5133126422043 2.886582996744074 4.367643883796301 6.706797112456343 0.7370320018252985 6.970325866125666 2.5726716430235848 
1.6248604363184527 8.86767525559475 6.743042853589223 2.394091027508356 7.377751199857404 3.3222261761608207 7.039970706431873 2.5402871433710046 3.398046731814304 0.8903797427588149 8.637847535628374 7.860527894166923 1.0708426032977978 5.862158522421026 8.826673398310056 6.928044827269137 3.690894728949825 8.151057558747198 0.8375563714785437 3.846006242987554 5.864825028371588 7.537965961748566 5.734091732951562 0.38591688123629514 6.038567709318294 2.67185909831805 8.238536843707791 8.240047461624037 4.188385976592563 3.3201985098577147 9.359769479760004 5.016141368982207 8.662812678981785 0.7757393457267954 2.936312340920735 4.462018649431723 3.3849899209698933 7.255535708548492 5.5512449621672335 6.472470175848297 8.087699985951954 3.3599448358724295 9.790675006764673 4.1573213050820375 2.538367943518642 4.38217212177736 6.580240795174489 1.0454652764624381 6.718830882653105 2.164644650869614 
1.8199159118878123 8.041953247546166 5.881381661580372 1.5445004677545517 6.7036697780136905 3.567176563672586 6.47086641759258 2.566929628888089 2.5951527350227193 1.2638672974082708 7.9996846675013265 7.007589003637927 1.0202457067289485 5.385036466195974 7.964651633917088 6.064392211811581 2.964247701289542 7.301498617999216 0.6542126393582035 3.005444292251152 5.341221265550438 6.6909215709642815 5.3399671332331975 1.0638282740874137 5.332099714413135 2.445445955390211 7.4833513014051505 7.465459507580333 3.421540508808525 2.491969827717922 8.498068785836757 4.27364492405234 7.894790397164188 0.748460471789587 2.5832579855840083 4.1655797861991415 2.8729174226998238 6.950430114816868 4.839953534950947 6.004179766701968 7.241489653116133 3.7661945272010797 8.946402731325659 3.8411594347598843 1.7478349853444537 4.191975683039406 6.09272367827344 1.6556351471297255 6.02752099978018 1.3049084396032335 
5.759237604934335 7.209483265538622 4.533891246402878 2.8140550371733237 7.588805598610976 7.436174437622277 8.013977398635749 6.307310991358765 3.973259101895929 4.191052171273499 8.935878060882533 5.7629298729167076 4.9530795599110675 7.524806656615675 5.591945399498185 4.509127524001875 1.1496047052890281 6.100208998638777 4.620138906254649 3.642455369566896 1.6043196060625977 5.667245194188845 7.793948994435898 4.548582187616259 6.2745228090196745 2.603049773321169 7.590429719483282 7.380279196419085 4.594959212860859 2.0755713119750525 6.685909254939906 5.269909865808005 7.813978181342467 3.9081878319562735 5.7391471616793135 2.121699357261981 5.521662872860501 9.509851296272913 1.0393437004414245 8.080287003530376 6.134595725256422 7.732532569515999 7.65026180575127 1.9711663375334574 3.912640836667278 7.375472153603122 8.075379475932701 5.6284465946755 6.919291968534804 3.3813766737890694 
2.848966705194113 7.007891991899376 6.139837180172978 4.384917579006079 4.286744128759571 2.308031642456172 3.405838057609969 1.9548224580458051 3.2688169931147177 5.147486658808384 5.179994719154742 6.706963928122671 3.238223239402605 2.006336491095531 8.499434828932559 6.432503378377681 5.970233208374643 6.85879791171827 3.5426461108722096 3.813451554672491 8.692230887620498 6.288679069897922 1.604368070703304 4.689790624779274 3.4934710137772935 6.430127116485458 5.644609965111509 5.832379712072076 3.0961193506882747 5.042616846973072 8.340230364511637 3.1963938665625786 6.133104375569487 4.753835841885267 1.4874940141819106 8.008191039636746 1.603931933912538 2.9539845657338724 7.557562831997936 2.4953558581820854 6.724351797810302 3.0214765750688484 8.164420529910913 7.676359653546268 3.2083838885428255 0.3388003970679648 2.6597695795516745 3.760893052756468 3.8749835127772227 3.830042787728258 
3.134311458520735 7.047083560525252 6.296112101860535 4.693193348359516 4.231317104310311 2.4548980870794015 3.2822475002278484 2.222783928202059 3.535636435735116 5.459434828889336 5.054643526042241 6.8122760207025514 3.5481347342121077 1.8834784135922136 8.64609164317788 6.591729446828011 6.268213220454903 6.950520711338343 3.8565325728793933 4.063627946534217 8.99147587916415 6.39243546608399 1.4094331245215326 4.997461543386353 3.537118266616049 6.749442116471249 5.62670786696904 5.832483724663317 3.30897341034361 5.335134438647469 8.437261914439175 3.3377999632701454 6.1151035707696835 5.070149739714974 1.806630007898152 8.32445719139621 1.8885882510832597 2.6547089269341253 7.835303661004424 2.3187632910763223 6.811924569371533 3.158668468866404 8.212352474304156 7.992665579656615 3.5108756477694847 0.3423501790181987 2.4934266193954397 4.043203429767365 3.8653327914956987 4.140820627268475 
5.067044781015609 7.282747083179201 4.629364044488718 2.1808932364200078 7.355385505805295 6.758561071973386 7.679995575071249 5.642163599218414 3.501558970678562 3.4974439216015534 8.71802221784301 5.883022376553769 4.258787716916431 7.089119904286051 5.954048471195246 4.650715191722642 0.6237547697530205 6.220980146619643 3.921129272877475 3.258662151485029 2.161850424607981 5.738168941465412 7.316237464490559 3.8432839278803286 5.99685309320345 2.01863157384585 7.494224083844999 7.314802228842437 4.202835031037995 1.5811971311387674 6.947697899442364 4.9439710175861835 7.756787026605521 3.20102970404377 5.132673508207421 2.0299177056939985 4.968775108378693 9.036746077494676 1.6762623405685892 7.663659445984388 6.236857196638774 7.038616103203568 7.823649205113551 1.7860637306118314 3.3313156358559217 6.790222628581509 7.67306744112275 4.9197566125639804 6.6688932548089985 2.7506559146446303 
4.811110174501865 5.271118597419601 5.170731513887019 5.252481362919996 2.2181319902518823 4.507953560220453 1.2058513811999891 4.029574087242167 3.6559208422392513 6.752616414463018 2.9804183533737545 5.35300336274624 4.965848743491426 0.19614391058229805 7.372645328636018 5.471219171314091 6.524983921608454 5.414723186536361 5.18210690149194 3.9256526183458345 9.164270159833714 4.940722441292144 0.7948207624515596 6.382230771023755 1.983329890559479 7.61912157660983 3.683605397026168 3.9407343263636028 2.9749202731507847 5.565378362867797 6.891313914525895 2.450912837898092 4.164039472101352 6.2675221628764275 3.1107512572451537 8.937047642795834 2.6487908849319055 2.07064035783678 7.723552369789219 0.519157889683364 5.259363158003505 5.219962485299261 6.450997431405443 8.61627298809448 4.093455547564833 2.417266736521468 0.5737271463470467 5.708269658878795 2.014387276218142 4.807232985935685 
4.7678740014795995 7.8156297002079675 5.186132324994658 2.122810369151587 7.688156762821574 6.4979931872860135 7.921437497842398 5.423992300677373 3.6484529864480213 2.970464542734976 9.056559273290677 6.443290754687393 3.958981001572692 7.227752935980897 6.589306586646489 5.226408476106453 1.017400647296074 6.780101125981796 3.6033106667589583 3.5110331004664737 2.386722212774926 6.2766724676074706 7.402937766721869 3.362655257765513 6.302376298955963 1.377481574367823 7.927892396712991 7.769287926938365 4.423607077174302 1.8085327843298862 7.557271425519306 5.217909974290728 8.214512820082998 2.739422630102448 5.047085313736307 1.6575759954570335 4.975000787865941 9.11965623648713 2.2766490716863617 7.8199264241621025 6.787627400072282 6.7207977401086545 8.40008035789066 1.3580011265234535 3.32491792160643 6.726407438150368 7.84493622526033 4.520205719488205 6.992153098648306 2.669086674942906 
4.452486998312281 4.593387817015241 2.3651489573646463 2.1783663714521944 4.174951643792578 5.621066289279249 4.575870105402072 4.4714247632495905 1.2780516214578599 4.615479104762519 5.537488230339097 3.47513841613437 3.888630502692327 4.2280974271599 4.59303644223845 2.5756636843638065 2.576376760527416 3.7745351639469322 3.7692293953125464 0.6520418448427036 5.001759589517588 3.1716184783979657 4.603492218999871 4.582448563985453 2.8314918131423545 4.402328785494887 4.413520086329502 4.288084060923069 1.3357810821702127 1.7696548102728584 4.9770410702939625 1.8410556927221833 4.735215418253887 4.070318856776135 3.417432002699699 5.175469859872881 2.8589125458975255 6.268144853853068 3.488104259696704 4.734494400723391 3.7228699662266718 6.172633797209328 5.429146085628869 4.894270093378706 1.993002512364459 4.7006549455822775 4.705429424426939 4.894762764227288 3.4910430142074262 2.229680111061782 
8.507794970608844 2.783487442570103 1.7922525241620226 5.968490644005571 5.264441832440462 9.5653800133501 6.372348854745989 8.4573104591141 5.3024607731359925 8.391086812406245 6.1413189034141045 1.5910522874618407 7.938090090188874 6.898262085010036 0.5837750455940343 1.5188839104319485 5.324326680313555 1.7326690039470825 7.794351839607931 4.696499781318774 6.1392282847593815 1.9360995663000016 7.476163209366165 8.4723229304975 4.814963304880778 7.547392444548526 4.227759973011152 3.858832244273158 4.959946841354448 5.147945092625642 1.4045982391724634 4.725216346546984 4.110404310327148 7.887108137610973 7.319592765613949 7.439878615955889 6.656433666338261 8.76974942865896 4.500804423387747 7.129536391086667 1.8857372403385644 10.163892492426251 2.6065418134607365 7.292994792479045 6.049794873534511 8.255781401204837 6.999644112083313 8.935762600512358 4.9660083914951025 6.194828530323612 
5.6789014844514885 7.701807352101525 5.0278549131597785 2.862256570351401 7.96607851444168 7.391556770015729 8.333905408919943 6.291434514382171 4.1892295886097966 3.9187519996477653 9.32226420500135 6.2642180994388035 4.868671148971958 7.772758013906743 6.113106317929575 5.012859528161578 1.3033264429215121 6.602008006995279 4.5203711887587055 3.922933494092247 1.488370418950391 6.157275854578788 8.007333339696462 4.317648708534466 6.626305950657941 2.206917236892819 8.029751289550894 7.830914501042978 4.872142261875634 2.2672504884392493 7.206866295872446 5.591674462343647 8.268016809436219 3.6940332418047777 5.817280820426209 1.6033921537596088 5.6628918932430805 9.7276224301822 1.5052205845954258 8.343165078372724 6.632534609243822 7.642549993702722 8.16240453462066 1.449139766715239 4.023481131005554 7.479366164891035 8.348872998727888 5.467163252050699 7.286884991796666 3.4306734065357354 
8.826498035538423 0.3447687949159994 3.00451630914535 7.114915838573981 3.3644791306602357 9.371611951940748 4.6061656632110095 8.455869361001193 5.808849285467631 9.530635399998143 3.6884077690336587 1.7949652303643027 8.490398456642396 5.640708683136029 3.2966525250746836 3.0457264670654065 7.140132176710874 1.4695871824815567 8.47556701205198 5.38222984655113 8.685216624134425 1.881341839912602 6.266703080870904 9.443649509477085 3.7769915669609535 9.242234102056631 1.8969228500888489 1.5660048961837445 5.085125105177873 6.592511665936146 2.028370896086151 4.396453277945379 1.5189163101962675 8.978833098495812 7.250890389422972 9.615967957574611 6.524548343535476 7.082186142859907 6.950293288985591 5.614769876588955 1.408838996243142 10.060431539052352 1.0169050636263113 9.400200578790464 6.669071847172752 7.580669238630058 5.437784096475098 9.494175936297294 3.4742495289778685 7.1027811227463244 
4.775548549855584 7.155086448947473 7.025283654802727 6.239899706665357 4.003361913148641 3.787009651576379 2.7949979413892563 3.842561148965353 4.889943940727475 7.132846528891167 4.3781793154687545 7.267501935726969 5.2209627222567185 1.7978618200651648 9.270828866795032 7.327116489077344 7.738489284734374 7.332019391328718 5.529767323922573 5.323270250634534 10.454643296124324 6.853700475955843 1.2277767227827825 6.668384801981212 3.886762087965266 8.389623546574521 5.497424136970096 5.786701345957238 4.437956878508105 6.782200601227901 8.807852728701924 4.155967844962874 5.9613044580745855 6.741033148332024 3.4557736246281223 9.91926829928511 3.3873798212755952 1.0504443344261507 9.173592467917395 1.7347232889147528 7.176600921858679 4.416147047806057 8.332825702183843 9.58846639720205 5.037364305957544 1.9113918713139242 1.9196181633800564 5.674063772574472 3.9141983599005 5.708195375533518 
8.19755176945854 2.6214973019274113 1.4610573491148693 5.699861787566453 4.967629410824768 9.238304719916638 6.060844565552474 8.13424116787917 4.988000486402718 8.134263009047807 5.879324121058103 1.3240235689771707 7.63809348774754 6.567409656510616 0.9205309279356635 1.1946694563739464 5.123087789387894 1.5100338797513224 7.501426210746888 4.38648277671536 6.078831688246469 1.639516161522194 7.143322379304971 8.202030127070836 4.4861221094917445 7.344723568090016 3.977364166616047 3.614005240135661 4.6301474536872975 4.900590691399484 1.4993194063102824 4.388508005167442 3.8882740784728567 7.624222802511201 6.992077257976444 7.307623346720996 6.325843967789865 8.447587982683144 4.406481959907709 6.805126756326886 1.652459178192567 9.840307660143688 2.588230054088742 7.148349320001678 5.745372886829924 7.919413911829363 6.677215392993764 8.639162498851032 4.651362895374962 5.909263156929406 
3.383919540003684 6.2305777163546345 5.509611600544959 4.3491589868327685 3.4865182404049784 3.087731936150645 2.6504090845706685 2.572987189323049 2.9916993205581237 5.4827777136750955 4.417682738245253 5.994763710951628 3.6231092842116297 1.2743153531032205 7.8490432351098205 5.807455825906564 5.831725972365673 6.129707696574183 3.8795100596639047 3.455587687182125 8.548409130754816 5.574625443539122 1.0452121340107565 5.069653046583412 2.717849383519507 6.569138266382094 4.843066794744877 5.035203108328973 2.621664474338614 4.875750128552066 7.617182884199785 2.5478641446200383 5.331641587779927 5.036508395012924 1.7541689350212266 8.044077107297584 1.5068991570477612 2.683190002129407 7.291003166503236 1.8328600701258646 5.99051093127459 3.803163734800839 7.393534279847717 7.714606839902914 3.1450132304411413 1.0970025815465188 1.9737821814332843 4.291325320825604 3.074332319799752 3.8303671950199143 
2.8097258207695983 6.603835404117561 4.373748143309146 0.4088311021993185 5.610359770957018 4.347569571390838 5.611032149574914 3.1842636990531155 1.3416831979175492 2.5852856980328474 6.9596422377622265 5.51547140419437 2.0829156081083697 4.765363510810855 6.466704497419825 4.554308549748598 2.0304312458295755 5.815772745851993 1.863177539190441 1.5739939143064192 4.727720570680562 5.211337990423703 4.893719548320946 2.5440038477477103 4.1997793412253746 2.7939672058895306 6.200283518569169 6.1402213565683885 2.216970785381771 1.216568393805584 6.989982858885153 3.0903789556184176 6.58030956771807 2.034901524203954 2.56648669620968 4.11203177217944 2.4441539163667287 6.603649415539471 3.798030020906262 5.3729259159166105 5.762651473921184 4.7419087917361455 7.469097208681713 3.7849090032257537 0.7953251805747265 4.226135415698556 5.417996582357464 3.017561422258414 4.9110877293969795 0.24765715678350178 
2.3255143660307085 6.42900818513643 4.477284654914119 1.307413684951533 5.025356643928354 3.651439125260148 4.882130848095749 2.474411230026981 0.9583415863568194 2.9462956179893474 6.340003799635868 5.504469873117515 1.7754847100531002 3.936081279891493 6.722871354215688 4.701802947531709 2.8998731335735255 5.776228672033874 1.7156099048196836 1.5024926434414179 5.614251987495573 5.155896201206125 4.023201883610214 2.7388089049807185 3.642329879561605 3.5783616613971123 5.792064919214754 5.78345728558935 1.7323465026603966 2.009603108853524 7.067937861065648 2.5786663194618207 6.209042349341502 2.402225021482615 1.6946808735655075 4.993675287121288 1.5477734920043837 5.723881957317546 4.59225750512331 4.551469068201811 5.699454336424199 4.129094254757174 7.38978826587533 4.664416097780505 0.15852205881398457 3.333625325728395 4.611057783012319 2.7902958671104496 4.342354651253302 0.781895072694002 
0.9690765100883043 8.501846612087077 7.034090380804129 3.776174596153863 6.185281185108874 0.8788117468928959 5.468291628678919 0.3550153713911605 3.539166751410425 3.48265442645114 7.223929713199524 7.883127388626173 1.7127991651077978 4.097958013382208 9.36814320492804 7.292786879755536 5.437517531039774 8.102990392262557 2.082023546376422 4.165057675632638 8.007075385887825 7.489237111049512 3.752992913507205 2.9572012972730106 5.116208488955836 5.144477896893717 7.395119202094466 7.514412799925814 3.8940077857410325 4.687088518720428 9.51395153198492 4.42057663125011 7.8728763973599545 3.2512211717815926 1.5559134866149842 6.892839100960795 2.2807691098534733 4.992666379633875 7.261518637836893 4.629998640825683 7.994691748152215 1.356701599785095 9.5928794273047 6.570112546198406 2.954351017517171 2.081239885861442 4.784957289784985 1.7670427201324934 5.656188592241659 3.2356617532798264 
8.0704329448448 1.9178155728802595 3.8457658930488714 7.018257707087042 1.7676629644267463 8.280732101876279 2.926924194974345 7.526180298302917 5.454388550838739 9.25903846801899 1.7656211326010316 3.023908695443412 7.901111245627275 4.1697482824656795 4.98485179363877 4.02443169792215 7.485053027715529 2.8250707648269104 7.969082746448919 5.211851914699689 9.49287317259072 2.8256456618253525 4.774404329238847 9.066279760196124 2.7756536505623512 9.36435475389892 0.5605612838110672 0.7783786443483369 4.60257854615633 6.743044562956458 3.887439757964138 3.7539704750769154 0.44772288770523105 8.706301453059705 6.365429381928628 10.077088915411348 5.66760397608201 5.317202056689121 7.764295504503163 3.9977530568925914 2.67806729801849 8.992675766084439 2.9218644588499156 9.81696947688768 6.277640197267158 6.306843101578478 3.8073739853553 8.850578282529991 2.19205721021352 6.852528788806538 
7.591585887984458 1.6927142228129457 1.0498445881653224 5.43436437480006 3.7422325659728024 8.453730485228588 4.856145272081508 7.40492089357355 4.398979687974166 7.8924479347246965 4.660000238920023 0.21104136415158703 7.121725588716962 5.449093708483388 2.066025707742872 1.0456658571112092 5.22900793705226 0.549077571908088 7.039396201193102 3.860305219968034 6.683718399907553 0.41383667146683734 6.043747463746399 7.879988224478938 3.360566416854764 7.3906992011857495 2.7759581989200646 2.4237777189609746 3.867548348289376 4.78453233146152 1.754098775143982 3.4495271132819934 2.7384131749330787 7.354549756315484 6.220680456747072 7.646152134331732 5.518446451234133 7.273477293419167 4.947874962368309 5.6431243603920525 0.5957274233431646 9.093031417872036 2.184489820312964 7.44222926872744 5.226505218653189 6.966179723758557 5.506183552463895 8.136823256078635 3.4560163601681237 5.52825486566495 
9.036186146600114 1.5891393812807881 2.3882284922994392 6.82841770008908 4.619271736497133 9.867103524376937 5.830975786393981 8.834769778333406 5.843980895941279 9.287859414671226 5.224659128664909 1.3065977640441664 8.565507720843048 6.6294370182789395 1.6550936767443982 2.257758180128348 6.464917098248445 1.1143648992272888 8.478428763047104 5.299785377135089 7.557582901400873 1.705179016426491 7.244508880038671 9.29634760435275 4.576432716133642 8.6689467740951 3.316464476845438 2.9398981969579823 5.302585552759906 6.122446443497007 0.4049249391265641 4.832261904696819 3.06259368484747 8.756547473399632 7.6439938645037095 8.745489254012183 6.934664472559754 8.312269192114991 5.877158982012075 6.735350214669503 1.2533401621913294 10.515624001212647 1.130325086271082 8.572639638221117 6.668540200733436 8.304900821955194 6.578469003107612 9.580338854921086 4.511327657964407 6.951273815025713 
6.3914972711844875 6.390096317456132 3.7394591723639508 3.3423713537377315 7.174657460946888 7.982160696237206 7.7568166012431 6.81829369179722 4.0864384116017485 5.123725142484975 8.47993324052457 4.91128853796317 5.608462490291109 7.459337503943669 4.529830816472412 3.6607401345257795 1.7788854522589037 5.242515112708847 5.307900381361255 3.616886526169976 1.9988173618351905 4.873766503866554 7.807319445615267 5.42465535897461 5.956540277164404 3.6730546894542555 6.976967866750913 6.728632508783442 4.529255177734916 2.420294632053047 5.68756981165601 5.0616067255106145 7.145739600871856 4.7752003506260365 6.0838799998770465 3.1587174690852606 5.742056076710968 9.492692387467288 0.2675979259199981 7.970048908783286 5.296834777478317 8.354115761625083 6.722702053416796 3.0475235436644104 4.255225757164412 7.636688635512369 7.938570492037622 6.390403674904844 6.5435310092723675 3.869100138995916 
7.741502741473986 7.252244253360791 8.173011331061247 8.757425814115456 4.259263074119076 6.773677941900678 3.2626925355895637 6.821991754086109 7.187722931048173 10.005841629123678 3.6312666519619308 7.941170147190042 8.116280899062842 3.599931013648037 10.047405069787946 8.453393324017558 10.057939307423462 7.874754850170564 8.39690969695297 7.448549309968681 12.682800314511695 7.588532926419116 3.50445085224522 9.571014719684522 5.069659572595181 11.07470549395821 5.470068577499533 5.843605303626347 6.4958851965161255 9.098809488268362 9.182325495359224 5.877627669530683 5.7907780065862795 9.571765642306337 6.272410157150603 12.455986839770489 6.010135494572686 1.9616124109240287 11.195906587053956 3.0156111713846196 7.710038067623381 7.374513024052992 8.314201549452264 12.132642266400524 7.574698890482088 4.885841649369239 3.015717709985041 8.649056635465133 4.652202499940661 8.284444745350891 
9.918392098634236 2.1013656794856113 3.247723424487404 7.685405092253711 5.288236211451558 10.736583683490924 6.521492218194538 9.711531091243598 6.72569959463348 10.143064316515835 5.735210266306528 2.1863234409274948 9.446317528248798 7.4032605021193465 1.9519481186255039 3.093592107309262 7.251103256950163 1.969936187657624 9.356487999471515 6.178690540381956 8.160621060375691 2.5771465731601517 8.024043983696773 10.162259534581299 5.380567284488919 9.466788335715478 3.891647527331186 3.529695934317643 6.182117387044556 6.9557273943389095 0.6565656896938493 5.694646507854172 3.5585454490638755 9.615466073524951 8.518450300050066 9.45383491731128 7.8066580657418445 9.010604894558176 6.527639131649194 7.4693498477936675 2.0933195167584144 11.388967138674463 1.10874273835554 9.297443087296347 7.548465897644477 9.142657442727982 7.304756735554192 10.460937293321354 5.255259309003256 7.821707636816426 
0.5235578179155058 8.041219499218341 6.388449263507532 2.9333403871680055 5.980923461447816 1.7230945546673082 5.418429074151888 0.6317948518530598 2.8408138555446105 2.836912932184732 7.123370770581005 7.31061223674258 0.9482033384099104 4.122288814714127 8.690027175800866 6.634099263357407 4.592540296137241 7.550770706228186 1.3084236354426961 3.4553281608205095 7.167483270875799 6.9306449074412635 3.895352150843216 2.3447001356615775 4.788686928020313 4.375560595959366 7.075836161499308 7.15630885040408 3.321622131758712 3.85282404182149 8.922789910907072 3.96028650307601 7.540291956588252 2.5261700921685364 1.2214797554259111 6.098520430533613 1.8931742158521867 5.331112253526334 6.420632597126095 4.705537480775724 7.453157536090655 2.1202533951549056 9.093298930151978 5.772631771453806 2.1727450617884565 2.4294264339791503 4.8372483312861885 1.4162638546243111 5.392411649891105 2.3984720899998435 
5.226694983248457 4.752905359596153 2.1525835442695205 2.4562972956287874 5.020662622981727 6.559459090911034 5.573375585884969 5.38816200098072 2.263990343535683 4.868651399569704 6.349346433229936 3.405376059192991 4.5625288703902 5.330973579371242 3.986677144068552 2.241343555976619 2.0469078865768653 3.738748203298301 4.368193252893716 1.668834682369646 4.069574841017335 3.2167349331306125 5.7232976678976435 4.95789708953952 3.774328017295907 4.190964520529233 4.9795729192277465 4.7805137003861535 2.4612664327632556 1.635716025491687 4.672074378789891 2.894355642340647 5.219004737847703 4.36538456037275 4.4215292382587945 4.57621455384894 3.9233999642091315 7.375861139966602 2.446372449148695 5.81763817925184 3.735985949607659 7.060845291701354 5.382655416976791 4.336613871460621 2.7767304065956044 5.794133419069324 5.776672041685793 5.522517640870238 4.3739576636543145 2.7461221986830244 
8.505027888161672 0.7482547507697596 2.208981317240921 6.529056190488781 3.7286247098754774 9.218662161311949 4.949296254004453 8.229663739608927 5.372003465555718 8.978160433196512 4.328568830016326 0.951706225846507 8.093992025274487 5.802124774189663 2.3927879000286443 2.1942185283938715 6.388076324879679 0.6157311588167934 8.04099439714795 4.879392288604398 7.790489674664953 1.1919505495474765 6.422831052541107 8.937199186273359 3.7855556277777747 8.541110553679411 2.4153565508754373 2.0382553060353867 4.740066520776059 5.920301329735444 1.3043958543448497 4.171624327365705 2.179604138377943 8.433873237426791 7.026974378336334 8.802667984402643 6.3060948889464274 7.435536239444813 6.064813887176149 5.876710509847021 0.6407721225720803 9.885332349820827 1.0662450810825719 8.60137233694431 6.221361841291921 7.565956217184173 5.714998143133342 9.108028763216383 3.657907543238514 6.581710622609489 
1.1605547781858154 8.868888616248313 6.8510471733816845 2.6293122061145207 7.210132304737391 2.8319672442259165 6.797672931495908 2.095081389576228 3.3998246430025754 1.3692808054104781 8.437129812780423 7.927939599427678 0.7807193078111359 5.572358219289047 8.999159366454624 7.052171968337811 4.048161593889341 8.207394828022956 0.7268983366859256 3.9030734334531387 6.3122375863846445 7.5889459250824665 5.4030407644329825 0.8374301635293906 5.906259886059166 3.159121081001196 8.144333663709123 8.16826719538301 4.133942360742635 3.5870593520256735 9.462563553460338 4.92652279755662 8.58188692437557 1.2482615774650774 2.6249682831995447 4.947566940976963 3.146859644519216 6.878401355306586 5.920871952797625 6.174130044019811 8.134990355699328 2.8710686763787416 9.829399402163517 4.6402741652347395 2.546421811989984 3.9789293510016455 6.291735004975662 0.5833778020806244 6.5690210864851695 2.304197637989878 
6.244232580260839 5.730564932517415 3.0733726088077535 3.20616329091097 6.539406189217715 7.760858899089262 7.160739928238815 6.586087380248619 3.6823691617370202 5.238635322341132 7.833674926958799 4.25637690321205 5.489014838596171 6.93066482314104 4.010573835699717 3.0026440352517403 1.862011067322291 4.589498235995535 5.216887655614265 3.158920825817584 2.6676899256945354 4.209070267459894 7.308283608054275 5.481564978117604 5.350674043554038 3.9806349120709457 6.311240039498353 6.060642492301741 4.030731174666846 2.2395705288718775 5.098767618670426 4.4986785929307125 6.477038379129485 4.835848777473494 5.762740111124681 3.708856224463542 5.359088649901088 8.97338759216555 0.9310937240324191 7.4218846137128285 4.639531328371303 8.180036155406151 6.094247117747802 3.560793294753238 3.9700261626489897 7.254344102053356 7.381029247504251 6.33830185206718 5.919305737952833 3.68388022953785 
6.724694117980956 5.83457506750717 6.5947321724707075 7.3555223970806916 2.725657909887264 6.05892562342987 1.6774014647642266 5.85934908187411 5.735001884884129 8.816767097556644 2.382249941263823 6.411541001085041 6.981768530781691 2.222188018735819 8.517932057732411 6.877453013289456 8.573383396555322 6.366353677270615 7.225543879327078 5.945179486313227 11.160655364232584 6.046540447250023 2.331785285068633 8.421892087848649 3.4867649278461688 9.728450143317719 4.045155408327815 4.406513616334933 4.99531721549177 7.622580936266814 7.72170811146859 4.329675659161167 4.418234932690034 8.34664091661775 5.110790081951576 11.027533478918894 4.72915319731876 1.5193916484774967 9.643435758338727 1.6025585550059183 6.201418191167471 6.7284458854276705 6.945558421062966 10.709252768473796 6.202479165228629 3.991787514480497 1.544811122082961 7.637069551203424 3.073242246008438 6.916251624328064 
7.982706680460931 4.047507433943055 2.033875471925092 5.169850317228965 5.994627486328108 9.245927462865616 6.961019854784021 8.088914551543185 4.901113113205271 7.4809799766630105 7.058404249429558 2.6309218293900543 7.324968055175366 7.218439871521674 1.5776441850435199 1.7548762749194144 4.218463484163989 2.889794422033895 7.1252385402176905 4.2740569488506255 4.716710392928031 2.8201771299532066 7.739317180004267 7.637795811689383 5.228059861388856 6.411371802117913 5.223635277440987 4.883489739259871 4.798899918817234 4.253321053248365 2.8429125729444404 4.823762602893865 5.209131071587673 7.016903236556597 7.0429184453718925 6.113103856992935 6.4551728310248695 9.205743067681597 3.1282141898022093 7.556256412532604 3.0085389261874056 9.781680777389662 4.034214935124122 5.9933721981360355 5.518427026041337 8.222441976659038 7.455833403301901 8.279715622992013 5.555402066569903 5.503620993401034 
2.3753727619057416 9.378501328324916 7.129414519860452 2.691640285427592 8.06045746767163 4.011322834980392 7.77558157499238 3.306804102306615 3.9594416224109863 0.31132575362679815 9.342907590001687 8.293949296402998 1.8542336140188918 6.624397715279282 9.103059042827812 7.290093061221513 3.683569216080169 8.597262884353741 1.5915889063264534 4.33646871211364 5.5530898868439245 7.994491876708029 6.511298138284095 0.3995953855948043 6.697415338506886 2.208379469271675 8.853926138892806 8.833218025965696 4.792150927748507 3.516052759774095 9.73749425643484 5.644086617487486 9.263763617253396 0.7609084138601995 3.712533972930107 3.9760196363389917 4.130969519743566 8.040465737967583 5.474068287311905 7.237538602040398 8.545803752782502 3.9623622283039373 10.252219193180139 3.695143114953217 3.1177089854929503 5.16572974602119 7.340914447604772 1.6478891821457338 7.389336080580141 2.615959206972747 
7.081779186512977 2.3331312150691503 0.3744790667578751 4.803357155269633 3.900099365673009 8.039385904787714 4.915648482676064 6.956640231001554 3.8691361123371992 7.263087970152008 4.958612702451529 0.887950858536509 6.573255309735288 5.33605089202803 2.172872832375287 0.41542473123307144 4.5510929304688155 1.225861383592823 6.470672397993741 3.2996892179774595 6.051209023516359 0.8232296587252824 5.903599779462649 7.270258061957473 3.267523837678859 6.717873770338292 3.1594601371981836 2.8412022608451037 3.426326239479169 4.123589618079086 2.27250983328271 3.1385195227403484 3.208696928699038 6.730447824576355 5.7941706621050795 6.972304574899757 5.1127167356887915 7.249813418419523 4.31061223012834 5.600596738212463 1.250784292400435 8.657600819543612 2.855792507709423 6.765933985551024 4.672043847072812 6.671741029675289 5.481468748695133 7.585431523282087 3.501159804426396 4.927936091458275 
9.570038739060466 2.2983271863284633 2.8172601383380154 7.217552413298501 5.359668014917066 10.474692082864207 6.569130438633065 9.41755034955626 6.358943439132477 9.666562125951012 5.950882530147622 1.9299213795286396 9.061400225831742 7.344992833085971 1.3012308067596043 2.6236441091718232 6.694649971581406 1.8045339663669837 8.95155519737848 5.78789916866031 7.52159665556867 2.347983688518012 7.956641511841837 9.710532364310044 5.279316661352418 8.916087258205415 4.050578705125058 3.6752094755135594 5.878570477875669 6.450168225818084 0.3364793006497595 5.468106699606161 3.780081654324624 9.1476037091631 8.238585681466617 8.845983268256273 7.539414768483185 9.048308967028934 5.902503072081605 7.4648413765966435 1.956471522316692 11.110176676538119 1.564998580585673 8.697528150464203 7.160051293414473 8.970755308624579 7.310001556657639 10.07235742880183 5.240699843799982 7.388141953826474 
1.4120139633203712 7.134530695961944 5.364842619741888 2.047738171684989 5.345828511347468 2.6861931641751675 4.973558155126602 1.5100880152251326 1.8073221757306313 2.789961493700819 6.581960525851325 6.325355221826198 1.088833890126217 3.8218545501695718 7.651131567893035 5.604240313320858 3.716820769311826 6.577982867779195 1.2290382218975326 2.4138439058955203 6.379655722920722 5.956078294610453 3.754815220486975 2.4246808821832695 4.049084485159493 3.9238494203317815 6.304236665510372 6.346464253930839 2.375347054498673 2.8998724066211294 7.922140910041156 3.1055169417431534 6.750965351840444 2.324195096949923 1.0193865765957757 5.526120910183811 1.3216324209749994 5.370052241237881 5.489675968471957 4.4382650037776505 6.488092105119958 3.1541252090674243 8.152068991226948 5.194434607637509 1.132795179264877 2.686895234962133 4.535872727000955 2.049140463176595 4.705882194672157 1.480910261814147 
3.221647052937871 5.635108556689166 3.5856950486158565 1.3618697727497007 4.575238751652554 4.467164689478673 4.647507727680512 3.298911486611758 0.34387401786075067 3.5839808648204223 5.931380704726637 4.641097838257488 2.6608981353568533 3.9330141695188923 5.824788099145107 3.8058138748479156 2.5502445788858634 4.922769213112984 2.562697687192202 0.6164849982308791 5.250738864759864 4.306077925446812 4.155625325917645 3.4705192473024655 3.1629212466352157 3.7940738484110517 5.156470123074014 5.105440679254034 1.184137706874272 1.5863670993775867 6.185391565196258 2.0505149302259262 5.543136336407809 3.0287100726974363 2.345747212539537 4.950412928399586 1.937243115096864 5.87545922366334 4.019107726430354 4.5183528293396105 4.854177088354174 4.984083299239486 6.554460326408952 4.634645089005818 0.7605877942924238 3.8331841096441748 4.540527903803915 3.671537983793174 3.874048552963327 1.150832842239527 
7.701716677909827 1.2305106348976707 1.4493113670133648 5.699095152288834 3.3959318978930813 8.470023025867086 4.5546282035244126 7.456148868818496 4.550151571644698 8.146792871013242 4.23508854685624 0.32786644841727874 7.274786258762508 5.25191766496093 2.4069987029720137 1.5016511703013447 5.605214934296897 0.3009277374119304 7.215814517430596 4.049760324399168 7.1486580910846325 0.36056698137850224 5.860355395229995 8.10562265343128 3.1799013915606524 7.737209121612212 2.3286223076563957 1.9664861393741124 3.94282598636974 5.1049164676729415 1.7890313406659768 3.4260674306005896 2.260939495555358 7.602188328116258 6.258553147686277 8.06251771535395 5.543293566202139 7.007096610743469 5.409535197246144 5.397973856788452 0.19265655778934618 9.126235058210126 1.8980409455053646 7.84974493915364 5.396289299645149 6.889699755736398 5.250778902052565 8.289619195968912 3.1819250001783717 5.750070529353421 
4.385348049293933 4.810396862849102 4.336851158263837 4.388388638199488 2.1484036341140285 4.439820331276201 1.6511147804965214 3.731937627677866 2.748922050166382 6.076908685738837 3.2683376946095977 4.66529624944531 4.397400368637886 0.9655368624067816 6.609811280048571 4.638731081338669 5.592899486528511 4.7719886593933305 4.563715076293139 2.9776502300809633 8.2141479267472 4.245499013687773 1.4629369788860842 5.7530140076684475 1.3100140690851967 6.791795566334868 3.4313378992848143 3.6115792557202937 2.025058346279719 4.6382445154722225 6.262175525009441 1.5060630361393001 3.9190294517030773 5.565339561452425 2.6407996043526527 8.042670997408704 2.030890466583503 3.0114626413163097 6.763638145433122 1.4630896743755875 4.626147756601018 5.1517139353296635 5.978181699847925 7.72581337569461 3.27193698784363 2.523738067867563 1.45785036509689 5.240676020988256 1.66101893997376 3.980507292359689 
7.150683958511339 2.4119690992491796 0.387457691374761 4.825243294187123 4.0447052037071245 8.131453260286621 5.059647931931165 7.041801586605728 3.935939467377447 7.2840351602913085 5.0989449894990315 0.9408139878084427 6.630252793835893 5.471327411767487 2.0532561156718883 0.3174939438355423 4.521912137698516 1.2779285485318603 6.5203985740330115 3.3573211868830644 5.9640709867739226 0.9316675466795046 6.036293884248989 7.301740788451433 3.406138336739502 6.70085109238261 3.291805787473719 2.969388670822709 3.518198769642008 4.123428186978753 2.229287181938868 3.2552332031592184 3.330768222019967 6.754715140996421 5.88530040541622 6.918769018032773 5.209042420758765 7.390110845005891 4.225525142267563 5.740403623717397 1.3196101559311582 8.744725927582657 2.8791616275327843 6.717588025676413 4.729022783557111 6.7859896490670035 5.622259776255195 7.6407177132606225 3.645269041708192 4.965913716901172 
7.523391584069598 1.0581681522722532 1.7443992813371934 5.7132291624439 2.8708115696058205 8.193647032575846 4.046988919688407 7.217828306482699 4.44063906337967 8.134065310253707 3.698146826823593 0.8581639810084964 7.145468308989877 4.807314498445455 2.943770460716321 1.8713792413150405 5.77506001120626 0.7724016208794564 7.113329135458798 3.991444577632306 7.479564299445142 0.6391714604920122 5.42333261555271 8.057382328708218 2.764875571604181 7.851431032260151 1.7994379862654197 1.4450903956786743 3.7594450713637197 5.197634241869866 2.2188432443594666 3.1510183809302927 1.7712618334578734 7.583302586260192 6.013024624378397 8.28875304159306 5.289723433709507 6.513480394571251 5.737673682787449 4.92031312065065 0.6080290109656423 8.864277059640212 2.026779962402655 8.060828792035728 5.298646760066783 6.5343327035331935 4.767198512327317 8.155582692456607 2.6967035759537428 5.710564075737254 
5.5170867047873875 6.18329394096727 3.5103345610334364 2.4646623807154278 6.587188895144761 7.092999633190207 7.0712453812958165 5.927420973169658 3.229963989257427 4.398858665453018 7.924684205142832 4.7511663294784965 4.741988071725352 6.6788984792117905 4.764811900018873 3.5039214071415143 1.0184069559303097 5.0892801793065985 4.4517922396083645 2.7997837018226623 2.5109316435475026 4.638491450526648 6.997181821039524 4.653861494460461 5.301954998224142 3.164007662054308 6.549543538438295 6.337028120906652 3.7361197017479735 1.5294428337674681 5.760835379104029 4.3394899340307465 6.770406870871915 4.006116310100547 5.195108446594142 3.105949807556029 4.8694978966330815 8.697136465613136 1.085100272820423 7.210329469206539 5.116573261030727 7.474059364705976 6.6665490601074575 2.9095287419898925 3.363900583583848 6.760727751368059 7.191038245929757 5.553885064644668 5.928194842905129 2.981789471280054 
3.8191277684590164 5.137153786643886 2.9984497962655783 1.6722044244566896 4.372079325123897 5.031773785785328 4.602772902480289 3.871162773754388 0.7025611609870135 4.051987378444095 5.740566726818026 4.082201684737562 3.251396756125864 4.06191536284333 5.227105569184882 3.212812904495721 2.456425957076448 4.372815214831467 3.1374704712519277 0.17869539462309553 5.064071140425365 3.761603022994123 4.363518176277373 3.9861819076377913 2.9732551300066214 4.025863410161056 4.796554128647021 4.71060369906067 1.1296029860224905 1.529246872565393 5.605753882960235 1.8827407308331099 5.154673459248262 3.5006040418858975 2.863302643049626 4.992123691836374 2.368237588379893 6.066840481800053 3.6927989402896295 4.613662015623587 4.312230424208669 5.56506674498366 6.017507523493463 4.691390077764443 1.3555576092550534 4.252420687792188 4.610692178359817 4.258626881976431 3.671508814270965 1.6315552108590423 
5.63831855513078 2.92478662639643 1.6262736585272544 3.9259432914229118 2.6583793796187836 6.4084734548439215 3.4174765987123337 5.381351470453774 2.550085576813344 6.2948382280223125 3.9537954124429353 2.1569627505307962 5.248627168499698 3.6255189590065284 3.9269201415272157 1.9281018089365438 4.305186266253451 2.36766155016532 5.220111996576974 2.143562892130797 6.468622441573634 1.7551876042479937 4.172495154323182 6.188660772039725 1.6299144086268058 6.203332928353075 2.626011557929586 2.487266760945427 1.8728698865040625 3.56408477512493 3.7981192697331876 1.4013160420942126 2.9344460659139298 5.7405704218113565 4.186263504422458 6.903573129563726 3.475413282834176 5.598405587927012 4.794315770259869 3.949060272157798 2.262579177963716 7.056906151231916 3.910201037950798 6.637793782163788 3.4100663307021506 4.9329429254241 3.851449243934186 6.2589245143519445 2.070899333485827 3.859776859055539 
