30
50
829.2040663441326 345.16665305377524 1191.721835319408 1149.8190567947202 995.9832793256819 933.6325390292571 1057.9185928691388 497.51170282085275 827.1796401032639 544.4403927533376 915.4945384042908 1219.741433664209 545.434843776922 897.8430327117962 650.4652877706459 1074.942115088112 1063.5728880896409 1102.1126315312706 985.513839246909 982.679907513416 776.5534646535503 884.9536960717867 935.9278110212523 915.4124093679383 1107.5335141740766 998.6355239121305 735.4696930978018 937.374008027982 709.149547836419 836.7277244523385 
59 10 116 106 77 73 96 23 67 21 79 116 20 62 33 101 86 108 81 86 46 59 76 79 107 85 36 71 40 65 
16 30 26 10 25 9 31 32 16 8 31 23 33 8 28 21 26 11 19 14 20 7 33 27 26 31 25 14 11 34 12 35 20 10 9 13 14 28 16 10 20 35 28 28 25 20 8 32 16 26 
1.9891766717241754 5.0035078963106985 4.837271793089537 2.948930962305294 5.8694041647984365 5.952277368453637 5.107280983453126 6.285542747762248 4.5330256467986825 4.747117299450039 5.421906303118792 4.506033304961194 2.079405367389244 8.031968749358388 4.986479180010898 4.18889366224591 3.5116565454456334 0.9206062989342224 7.265392575815696 7.052756452793832 1.285515294349921 5.3596399616702515 1.0750783966570585 2.7777580474539136 7.026504727117481 2.5561541879281124 7.825052315862222 6.388440534532752 1.1354503623266485 5.311671110982388 1.8495229737978127 7.126343708685619 3.55590400107741 5.2577499336046785 3.348702076894346 3.785889937905425 5.839043649375904 6.184314672432575 5.824426566120761 6.415539858664227 5.886193950430146 3.1415224181197834 0.9500532219915164 3.0172940760145126 5.563901817568765 4.62845404095568 4.462854777086846 3.248960726187986 6.522831519717397 5.1199979358888665 
6.353968946371734 4.56374320006042 0.5938138413753427 2.390890804962266 3.739849318239821 2.0554424735546455 1.691851239195542 2.948305166086507 4.537311694847469 4.387633316568908 3.649476517682435 7.115065551599169 6.4636483530955875 4.9288268999751725 6.6920107041520325 0.7086105829248617 5.310858267836549 4.773819809870441 2.944743713540459 4.5321308595926455 3.762291073278528 4.3586483740016755 3.3627476230890663 5.470509298986518 4.576421557014904 1.871411659598269 4.642093318808034 3.675283754572724 3.7198390963978474 1.405888472746181 3.650143894720635 3.102140693620293 6.299141253832602 3.25522508389442 7.1832180235398155 0.9539662843034633 1.6992493698730982 2.4551948629553024 2.2781609780126035 3.189105290467562 3.8354694535655387 1.8425460230193755 3.6357144341930123 7.083518812777757 1.14696711509054 5.466375227514044 5.359202029433355 5.519331138746115 2.124209735552964 1.3136725008325283 
1.7517374998724589 5.4598664948521325 4.970367815032006 3.31792380207732 6.274155327475891 6.00131444307158 5.407634055649369 6.255182168197421 4.2367161606513255 5.2026905492517495 5.836249103711521 4.039234865198759 1.8638120325405851 8.405320456449036 4.546083129732615 4.297423144832441 3.09832748274611 0.45367598453292085 7.371147401425694 7.452860849016892 1.7338385023662921 5.122605861870473 1.259626961481413 2.3245428685859624 6.87850781323542 2.7507572897564305 8.190856796812284 6.28543066832359 1.571110834332805 5.382884564526972 1.6308880739961717 7.170641579729734 3.957010552734342 5.657022879512562 2.932561748672314 3.889082020913917 5.926584503114273 6.483261939953597 6.133349000853214 6.368542626522911 6.295198560232965 3.1666387994317096 0.9771104428666694 3.1878911847403852 5.721598476410117 4.253603522655556 4.929970355844991 3.69249439482703 6.718765195696459 5.386955973794608 
1.0002517295921687 7.539599936229849 7.059061882059519 5.601193105315568 8.524857723799832 7.8926756840631604 7.688613643595201 7.92593746450669 4.980358998791712 7.290753620228808 8.070973659309686 2.937800144909008 1.0601085880961418 10.688232187724422 4.029973799065756 6.359013289283128 3.21730553792283 2.0076927098497896 9.367135588213259 9.70981550295207 3.9129123592880872 6.0777643555198635 3.523470852018347 2.21545282313716 8.117829940096112 4.971538048261016 10.477619355755593 7.71908335378492 3.783573105148829 7.34089493020396 3.2506585645668102 9.024468248351184 5.183271367525882 7.915697898125853 0.8518512347126629 5.95394164634901 7.907299442142383 8.761809942681332 8.417323548872883 7.98488549753352 8.5390558522056 5.120633809536631 3.1682895771232014 3.364445864119628 7.83979657140166 4.476002389238175 6.7545038472803025 5.253851783112136 8.887226270859568 7.645910370783334 
10.086756167435112 3.8947785285825978 5.687327029340113 5.2840378461695625 2.3408156156776636 6.609851523273342 3.7349956756620784 7.6870409203619054 9.919742949644 4.049164326038183 2.8243948255905056 12.102873566729123 10.13902820982264 0.6839010324598377 11.924130983587212 6.107165334706605 10.42887358680218 8.958182298508957 6.023705510756251 1.1537154201280382 6.95550478834631 9.734730078885832 7.466832607391182 10.307550611092854 9.509935591020497 6.334972286896482 0.9498168650295531 8.637557759630408 7.073373043651477 6.312815708582918 8.437285085107838 6.912267592320531 7.50484170187991 2.9390894811532746 11.521099659912291 6.280360729309677 6.111338922549417 3.0535169250444683 3.131396882863249 7.939546000762783 2.342656602142456 7.043726243888143 7.88055503027978 9.484624301059888 5.238836616029757 10.79786393980397 5.3336603827891 6.768589701091079 4.5606620472596795 4.08631506533987 
1.7756748267171785 6.471206518706642 5.284448753787326 4.159227609639569 7.155624230316447 6.103834059319703 6.06915949528262 6.172304396692683 3.5695657063267756 6.212404376728803 6.742334855430952 2.977349781579778 1.9193764060169123 9.202936953294401 3.516239689697844 4.581177078095587 2.149657503025546 0.6121164188607768 7.576457709935194 8.317563434954193 2.7503319138877496 4.57888326122398 1.9707419873673322 1.2784385537445893 6.511813085243014 3.291220613925965 8.971955534036882 6.034288348387534 2.572122902380381 5.549940512029558 1.4603722665171268 7.240712927966102 4.963620803459267 6.5300154263575045 2.1780734046750845 4.179007785218989 6.116685967256814 7.12746706301052 6.8034137042633 6.245196700035583 7.186388409009742 3.333022816330728 1.5593608732926054 3.8738550569082135 6.070521076584616 3.383511193153686 5.9919249626999616 4.745852337364951 7.133897852808588 5.977732238336949 
2.5894820094599016 4.074694806141867 5.434963257261112 2.833470296549822 5.332409132436496 6.733546449260658 5.123487160940837 7.2445846303242325 5.938309412460335 3.8373136606799263 4.839305919726785 5.846226246227326 2.601075277182855 7.6174907279944835 6.422907630338744 4.8859207441588755 4.968255678713117 2.3136598142544913 7.865101308814984 6.510685737136227 1.1654541234164906 6.693014721265755 2.065700953941485 4.193886451976131 8.207411468691388 3.1658723484187874 7.45331527268293 7.494348477337515 1.2459794684846301 6.056333857257137 3.230883975589627 7.89311072693017 2.09872806237762 4.778184543551906 4.342141974095949 4.520722940895945 6.5243812009867765 6.161361101646349 5.772910120580379 7.408031241639577 5.321781447589772 4.0987048081968105 2.204376081004545 2.1727946062610686 6.060028841821316 6.084380644867235 3.2316263437438923 1.8338368276607158 6.867010096357028 5.267709858829038 
4.8774249940413315 1.7709817793539508 4.79785776653368 1.8499047726370708 3.179170482030771 6.254317157930961 3.6422200075518947 7.050798729075847 6.962766743203921 1.5315575035531013 2.671887294294661 7.769256481773979 4.898677238989981 5.49083467084713 8.08464719564684 4.505506543967065 6.528767679150897 4.205588229733055 6.987825161814316 4.316439548528454 2.059142689570746 7.415499883484594 3.1165145844458304 5.981807982963168 8.428714686046558 3.136062848818365 5.364988636006749 7.5857315246606145 2.247439869193359 5.584301710497064 4.465998447250331 7.296143469273714 2.3342596158744158 2.711616795636025 6.556181952628068 4.276218758908252 5.899623342490567 4.514292524365949 4.12340921185937 7.268035528920057 3.146939870266392 4.3258901745110485 3.4927020581409307 4.039157087577573 5.175568119562689 7.418504073554888 1.3494711316902084 1.5041514025897058 5.668942001214568 3.9556436659720045 
6.5033242348107825 1.5042508788043853 3.657012159470024 1.7929373558208686 1.2466103786119633 5.064045877111523 1.8633663636180866 6.038177131962103 7.061896801708221 1.384407571852806 0.8154081638611932 8.7233152541918 6.556678776132484 3.496636451043476 8.72886226291817 3.6743582991032624 7.1760254191813155 5.4174633796660565 5.406410813932032 2.4335590623245897 3.372745640507061 7.194786963694302 3.97127205727128 6.901416485909849 7.679525787484521 3.106098559717857 3.3351907097775375 6.780799968535759 3.494857158588978 4.477887781665875 5.091915781182962 5.921108003160613 4.403019143250779 0.6573160862421057 7.963779493305286 3.6334228883946533 4.617031844676744 2.5131949916256664 2.1419183533482826 6.284594030326493 1.2635552404742134 4.1148304879778195 4.392269923719365 6.078523779295103 3.743081694997951 7.7733633091631 2.665290867554029 3.5823300826399658 3.9204298239638 2.295190035113952 
8.827008914850405 5.413535333421455 2.3318892726113423 4.343298068426008 3.788402407029295 2.558214823483506 2.1902345224300586 3.577775157145365 6.582043591583692 5.34587347577974 4.027953723754639 9.50481044945077 8.930983697971582 3.613790625713375 8.93326896317489 3.0220749984110036 7.670675472372283 7.273730315823058 1.7723313188580145 3.89862782085097 6.032829165236741 6.067147296669056 5.825423531640888 7.9333852663753754 5.383655769048775 4.329201784626793 3.3219977129652634 4.565950747122149 6.032266359292934 2.5326379213217107 6.148317050241996 2.65284819967441 8.137509478039274 3.6796608883796127 9.691275095834396 3.3926749516937855 2.1146552999133106 1.6003612502656461 1.8883743785492153 3.815556491935422 3.9013826095274897 4.29094811690114 6.12547148967344 9.314289042257514 1.5551643343577815 7.6097738413699005 6.644469450386258 7.310219585701596 0.44482052298326535 1.9054734796093618 
8.957999134841112 9.367510952995344 4.249693813699143 6.971812771206921 8.37811556459968 2.92504364960736 6.261777733747946 1.8756956380652108 3.9971241930135037 9.18747377634759 8.38223193654264 7.384641181092761 9.100168389275451 8.839106339470412 6.229570588271416 4.335439258799665 5.836324126619196 7.372576593173854 3.6205900177978423 8.900938529371471 7.673893451039717 2.8724015719659812 6.703644494228857 6.690750495873779 0.7484659810667199 5.778294997936456 8.542116286150168 1.2591119604022982 7.5390440197684505 3.4340971363904043 5.890147733196845 2.6456260336937087 10.58665972758903 7.981753852915798 8.77219786376014 4.538780501642129 3.4224311206246565 6.48305503303127 6.5461004613867235 1.623959933639585 8.484728694952878 4.674833781649722 6.6803756701562715 10.641816718145972 4.348007101726336 4.9144483328344855 10.071275023200979 9.909691859758405 4.908232245794755 5.792118599435772 
8.80604424992466 2.5556625266523545 5.06067219487818 4.100736145445124 1.102044652267811 6.201727286656791 2.9791744230171 7.2744383310862215 9.067913282607151 2.702828103664359 1.5321268965462085 11.007963983472365 8.852414716811891 1.560004340715657 10.927870250697843 5.3532947907029795 9.398408790765934 7.7493624704738675 5.938876761054866 0.35421004310440424 5.691217128812153 9.01354373109362 6.290852351464268 9.193633420422383 9.065308341008718 5.284430294432356 1.576462695886883 8.167630227392664 5.820609141952826 5.785917691786569 7.350891514327512 6.722757753532264 6.16278320402794 1.7304678839696195 10.295524358979646 5.453778973294256 5.701499521303698 2.6738677573614074 2.5766776216949836 7.5310524108943175 1.069495604849158 6.127450743883495 6.710333294003882 8.13885419067618 4.779961343758346 9.87830533461376 4.008730697921509 5.421416411187372 4.371181615991442 3.412714595675655 
1.7504246348638541 6.654977094461217 5.434652542531148 4.347211214572843 7.3438224529396585 6.226684580139334 6.2485228764560485 6.268527403292977 3.565077701474286 6.3963114457639385 6.930658558339108 2.8070239160013126 1.8947004711154691 9.388609609903327 3.388966767337265 4.730041605100955 2.06919872673718 0.7789285844828298 7.709906590892301 8.505443967892258 2.9319351574699843 4.597164608985362 2.158234527743341 1.1507409579946357 6.559048282056148 3.467013780077772 9.156932947726574 6.103559270423746 2.755141471605608 5.6824428796756035 1.5897810399941465 7.356914584774142 5.095193654750582 6.718146868268824 2.0082986081734506 4.329919703070192 6.250723185580203 7.30498002990614 6.982857463565855 6.33495341983258 7.374669709772447 3.4746472639797332 1.7457746204886184 3.9327570433826957 6.222867654174456 3.3226898473823634 6.1622521110619575 4.89761431497039 7.291624101437987 6.1522412006181995 
3.9365622384728916 3.596176723375373 3.232268648013372 1.0536858040709038 4.051473028121939 4.561855019439366 3.1617708952082357 5.160410914617257 4.708471297930268 3.340393451314933 3.6489369576361534 5.9034919378828485 4.02052705554722 6.125529534239429 6.009276643890416 2.7087972258255433 4.441547821359881 2.627260812174845 5.660751351752083 5.212232104339298 1.0423771545514282 5.170419094500234 1.1388111055693175 4.078897308905304 6.333532794424582 1.0262320680486403 5.906849864118813 5.540729178072845 1.0143065450681275 3.8788643210991705 2.3349326548871936 5.709287065429647 3.7974110038036653 3.4250257949878744 5.1969753893546775 2.368086310611623 4.3287603717194125 4.237973884624639 3.874848447713892 5.346528765790771 4.0847545241579475 2.1522012939172153 1.5590990367449329 4.3641873486520995 3.8607922628913904 5.216249072494408 3.60833624605422 3.1183223596461893 4.711764614553665 3.204505112308847 
2.000787770982888 7.650822916205856 6.239849044823728 5.34800030346211 8.34628948566925 6.891227419910532 7.197650368978925 6.799626731389484 3.6481208143158734 7.392674334084499 7.935913876211936 1.9172181696140769 2.125882920696134 10.371926386645715 2.773080296689212 5.533992596311876 1.8552122369215986 1.7567110522071498 8.418694463745265 9.50464033939585 3.923714983000981 4.762076216873038 3.1570950991576785 0.8738788738058133 6.837393874004219 4.40615605240024 10.135921764231346 6.500542004115255 3.751168557634048 6.3991387454371695 2.387802508056417 7.979960650370859 5.8873709714190525 7.719913901875577 1.246419379791872 5.147127940349778 6.97073926701003 8.24266182535607 7.93143542203177 6.83282413350104 8.378307620415699 4.259976598401 2.740242751939249 4.424039834135516 7.034224259989511 3.111532695408212 7.1088282006503185 5.77440458181067 8.12596488014517 7.075982505314755 
5.427761735625913 9.432085197137848 5.91451064549624 6.714808667898562 9.448956618736123 5.775790847216335 7.6731632772377525 5.1541487818978045 1.550165608801043 9.180688705165805 9.178047966916559 2.47040375955729 5.563324461367662 10.972436267830483 1.1847941727369298 5.353398710266485 1.7550441418348153 4.433322710176654 7.299420917761824 10.442548155242852 6.099830944794741 2.3361903187806377 4.953966195591512 2.7329795666654615 4.3240352203331875 5.30686399608229 10.68946932699748 4.420152658934448 5.904755714297046 5.606731008241122 3.595064517339668 6.534435436020194 8.768002813529582 8.849530522669514 4.412414157091383 5.132814142179577 6.093552914327372 8.505881962970667 8.321881975170989 5.056596912297584 9.518399369221221 4.378012052563474 4.621106213335476 7.751341329035272 6.607158920567291 0.6411489940816196 9.378531932949349 8.41697967834733 7.687267397262626 7.3557369522652625 
3.387406071581314 3.310481025577338 4.565359868023545 1.8349819676770078 4.386737342712504 5.924035989030401 4.120194927027112 6.52712061902497 5.717033474187486 3.057926046855759 3.904687597074386 6.207747273274058 3.4274835249374833 6.649635540689102 6.590052959634512 4.0721647047035905 5.05558799383676 2.632141228664246 6.967673945307917 5.5726290867939365 0.5619680180935086 6.330679111263696 1.7281995276082402 4.439447371530681 7.64752510386481 2.3922990831758533 6.476129589944145 6.878329081025792 0.75544476507139 5.239569469731027 3.0743590929405507 7.063521409435774 2.452165342207953 3.8130204716099465 4.998225796656502 3.7371195141803466 5.673736663320854 5.154087495136681 4.765215856020525 6.710066869137875 4.384557252528847 3.465831731953837 2.038596441617173 3.1507290107992403 5.144597170866962 6.03902297231082 2.7783156323075864 1.8479688004960029 5.903456645272183 4.278362072712873 
6.655600282557856 2.4617901392882593 2.7595902310755314 1.74735436168179 1.5640998560784554 4.133137991250654 0.9149399933671193 5.13083496834152 6.474898723578023 2.3409712077607208 1.4066520957698398 8.46388231637558 6.727529607383661 3.373424464364527 8.328621134698942 2.871993538029496 6.810590671419417 5.382701874858346 4.450798211610155 2.5766203970725265 3.546054537832691 6.490306369551709 3.8656359369837174 6.6677630249321105 6.815041205029287 2.701073610668925 3.1475028116352872 5.911708734295619 3.6227870173497054 3.5706291080693124 4.7979800244596165 4.965128279605579 5.121004558403623 1.0176894964270935 7.953147368927428 2.903412694418435 3.675742533377417 1.7357259231908575 1.341589659579632 5.380845030051393 1.6447633801162849 3.5247917906814887 4.270508972399031 6.570403787449757 2.7901746626248314 7.270628887715488 3.571761356743668 4.289987739927268 2.984842564990991 1.3363796545682538 
3.8398174031164736 4.073298944237655 3.042897880293312 1.4300241010015577 4.4084878826189495 4.290544698021699 3.3007670628938786 4.811838165266264 4.207027320415879 3.819546918056263 4.033238757873289 5.503961527340314 3.937810865282993 6.399613001422062 5.550408980269993 2.451328951550438 3.9852701777291912 2.3914494943050006 5.486044057808824 5.546531307023194 1.302475233921534 4.681065263978362 0.8648853809171602 3.684808325673563 5.904077714760154 0.7336480029962209 6.167296585296317 5.133232360492196 1.20150628927581 3.617438527161792 1.8823127821205397 5.455196952045025 4.1976156323931955 3.7800336485090895 4.949697360089661 2.0762973891900716 4.1034338354763635 4.373609330097618 4.030917658389982 4.9851738662175755 4.450539918671381 1.7203306144033648 1.2489113747831406 4.552326479889331 3.7323304255897582 4.724945962085655 4.108448053320997 3.556377418054254 4.662078911829828 3.2719273166397005 
3.487156894621019 5.171780829203415 3.2594799685583107 2.508069867632543 5.437063708884679 4.225613529258416 4.089443788814074 4.503134275348768 3.18926688945703 4.917454819471708 5.088126132188967 4.482861099539219 3.6107777154821292 7.320010875773621 4.4576535791782215 2.565649865440366 2.8964840584899934 1.8448118674643388 5.618861009368813 6.544969402890974 1.9947593909945973 3.799899921387266 0.867594370696066 2.6906766849079933 5.290793210697009 1.3026899684401458 7.071377360631413 4.617773057356079 1.8183817791447996 3.614946273589579 0.8176454102028974 5.394024890672629 4.922626344993806 4.811358981454779 4.224241258091439 2.1575680798993537 4.165961482864328 5.125447330525207 4.821259459052732 4.63053524917373 5.487069342808766 1.3901913859609052 0.8367054627724374 4.7894447424537505 4.0361260012496745 3.636611985249882 5.137488657418482 4.388265802796728 5.086296073949425 3.9564700420613264 
9.836501398020115 9.211297431437542 4.156540355023285 7.104316908458524 7.9624885914909616 2.6946857461976754 5.916682711941769 2.0186142901397335 5.241844179814914 9.063979122051533 8.05650308628376 8.67976655070487 9.974303900437446 8.043197986629174 7.594042243459253 4.478371489398981 7.024657724774306 8.19637708858679 2.6783857668048494 8.298230211658531 8.121812132634789 4.166484018865192 7.291936056266676 7.791030904728177 2.1703403062348707 6.130007713889368 7.756193598332471 2.148031703114449 8.015046223278823 3.359880729791424 6.711630773411113 1.842033442933821 10.925781800645014 7.66138957212974 9.874108649220812 4.785947223525824 3.0997220735436097 5.888061491708224 6.036469854378162 1.885898997359527 8.074301994357981 5.183437226052688 7.350884156614694 11.280430562705877 3.9727213728455837 6.234366551729941 10.106621582825017 10.187491890740807 4.195864088574951 5.450440567406707 
2.9386704473142364 7.367809768916128 5.179582421553491 4.818100664811079 7.781501515297229 5.697294620274932 6.38601539225291 5.543520617007685 2.4143079440452957 7.108696463839723 7.419576507616656 2.133806754659297 3.080794922679341 9.654458692158066 2.296842382591188 4.484107540538527 0.8342853680909994 1.8621415239280696 7.246228065444079 8.894758039210439 3.758919156288514 3.506678481279395 2.724090753742574 0.45006469522810705 5.5626858640206525 3.6368686747440977 9.400069870771427 5.220499223218575 3.5654029305851402 5.247618455189048 1.5324593194913272 6.7565194783432245 6.231588671112305 7.154414278358128 2.5169880923115473 4.12280409380976 5.816595697731879 7.386878526667141 7.10878260907225 5.567366517986446 7.828709328163168 3.2213279545253415 2.3212447051204976 5.178273107109979 5.971406348541068 2.077123620879265 7.0713991269788865 5.9487449863646455 7.0820470145947 6.200217638441627 
7.247983238338768 6.467924087115319 1.3421177040277148 4.190657297490991 5.502770802402209 0.4944743603306925 3.383120218550534 1.0417463418747848 3.7878765607462683 6.2941442227956585 5.48257912665966 6.984206272200226 7.377183398185071 6.24034046144568 6.225993923557559 1.5490689100957613 5.154354081135152 5.58809236054262 2.0615127475433894 6.120304752487183 5.223461987604331 3.1690580873678003 4.482912848202234 5.653873532654544 2.7566115272291754 3.2193101236553057 5.9406525679537765 1.8564373072438753 5.128781999026586 0.5320873828323076 4.1720148093799265 1.6145453532203629 7.996852257294861 5.082575085701002 7.638361160952271 1.8648818622071108 0.7930185337825648 3.7607051098665907 3.7510960031104834 1.2856814971732458 5.60675932964143 2.3980006923657364 4.608305054406477 8.449732400125342 1.5725455801393862 4.8505304832133165 7.240864875507688 7.258266914705853 2.4734936220640473 2.920311841602443 
4.190669522930895 8.274981782890748 5.277844032467315 5.601779235928664 8.45024527611892 5.45817892007641 6.819953931829705 5.067200693540775 1.4524545029654172 8.019614029409661 8.140062027534489 2.038749476382006 4.33022346870467 10.13416159075013 1.4069340101578813 4.638419682811921 0.48323941673228155 3.120124130034421 7.026258913544455 9.500557910107556 4.833167484008173 2.578663691024792 3.708707254587101 1.5014825512572851 4.705184309476523 4.2550113534903 9.862242490519286 4.542044490348701 4.637436256057102 5.142763027665081 2.361100068186773 6.3906997675597665 7.457494560144613 7.835219218547154 3.427211400229471 4.34718963047018 5.683386422761983 7.7370300752030285 7.50895153746964 5.0337624861204135 8.51088476866164 3.4978404924815507 3.3532445942604028 6.463905002977892 6.033297841333657 0.798592891801395 8.133903482905758 7.121547047464056 7.146785368459704 6.555997750456763 
6.8166666719874245 5.484938037587823 0.3586453306829934 3.280613454247436 4.548694325277855 1.1410605914571028 2.436287578000029 2.0249450327079725 4.16349308300221 5.313427084815756 4.5088357693037455 7.078012422684195 6.9368861966755935 5.457444405478848 6.487459586492868 0.7894641832380117 5.238736098722363 5.179702188558269 2.2910370557472293 5.228092095420934 4.488849263578007 3.776913188193507 3.903903976593697 5.5688773444797155 3.70829711048696 2.4982378643330816 5.160657897630681 2.803658776286539 4.41889500026026 0.47499677548256314 3.8823478599300385 2.2511318785947263 7.152744769663178 4.1096659703586695 7.434935835551779 1.1934153901882474 0.8724907053866666 2.9459239609382393 2.8765626965815896 2.270065471608597 4.650421954110374 1.992500310322765 4.104132335812482 7.782648578362835 0.8976290169138308 5.173838427086968 6.287001263680535 6.390097972558344 2.0044445732133447 1.986441744057276 
2.6159931597013015 6.444223842884763 4.606947841114186 3.9228484006769215 6.904762507488567 5.327281760600035 5.608874677100716 5.346820295848072 2.7985288685707093 6.184976614841999 6.529401357321193 3.007608311858678 2.7590034181345913 8.83609383994447 3.208033451644271 3.90063076423044 1.6761333806907155 1.1507895087329791 6.8283599468301865 8.03391499598539 2.8416037808508987 3.7640668548767424 1.800465087132084 1.1876340485337564 5.669593916703294 2.823261058099644 8.589668698287838 5.189697456983664 2.6471082145725666 4.801737801391059 0.7512262417934503 6.4479245091649515 5.4130764796382325 6.276467543599679 2.8226634145719705 3.5111490994617913 5.3724001625390425 6.638645835223382 6.339738213538916 5.4126640951841365 6.9478541719133 2.628738627073872 1.395671478828839 4.589964433334096 5.4006524208511095 2.7750171423022607 6.156014646138299 5.078988525105547 6.489426737838166 5.462850856548332 
3.066343564496581 8.550153858759366 6.541143310618337 6.104590683584248 9.09276687505734 6.972939821516447 7.758039145813683 6.711067315228107 3.2037896933560814 8.29063241844944 8.711666378775753 0.8651907315709972 3.183307505185224 11.013220232621821 1.7423319132279005 5.8508157436590835 1.3843204121055672 2.7207570768533302 8.536009191861586 10.223471643411177 4.848873832130024 4.33282424944642 3.942434442485431 1.0040301761878583 6.458543154862602 4.993007838088629 10.762454120931164 6.260892806401467 4.665194645732313 6.564459856286739 2.8846009447645815 7.985428058009316 6.967705797075819 8.464338012406472 1.7825681034316043 5.495951670803487 7.128381329732906 8.76455317018221 8.483027923846002 6.7030049073082125 9.13456254980647 4.595046383050577 3.5223116200259046 5.504182563362542 7.329860613207609 2.4133301756314047 8.103791087563327 6.823525989665771 8.443928691135458 7.578596778184079 
2.315834335485976 5.6750454478398265 4.460839797450605 3.2675430785207285 6.266856951234814 5.3873184532625995 5.158635303899048 5.572124016139057 3.5030596246314682 5.415422547573745 5.864169671288545 3.731988492345871 2.446058360166342 8.293682889243328 4.041311086695007 3.7663357924221796 2.5194784521184674 0.6559869248435153 6.810070017921241 7.421837151858526 2.0154631217552965 4.370766970350945 1.0777965131068847 1.9197035353570624 6.134386032440858 2.3884725430074445 8.061187484580302 5.558913574739974 1.8232515971156051 4.796089995987761 0.8814383675138029 6.5464490635245856 4.589130359059922 5.63964714201896 3.080665164216467 3.358616591785422 5.353426216517326 6.219372898579701 5.8927243986230815 5.673591380649276 6.301099116506396 2.562051686525515 0.6577559848510567 3.94109291159872 5.236267782216434 3.5944979854737724 5.325799724732897 4.236821585186586 6.278698079705606 5.0755730434995785 
4.970483951352255 7.978991417528231 4.348635106202308 5.240251781442998 7.893255702948258 4.34457245889807 6.09033627478312 3.8840416436290943 0.34205044531745893 7.733124744741651 7.639661341010687 3.228049867148859 5.114509425975001 9.388218922802212 2.3592330368645813 3.7724747739070255 1.5559816982427659 3.609614149386214 5.90310065172682 8.869173761378082 4.870167807831945 1.439181466679865 3.7028645410218655 2.450609523960458 3.5442324519311343 3.803663191422508 9.105287546588011 3.342663063229028 4.68157845692094 4.0978881409917625 2.3962091109197456 5.225387030004679 7.706968323152127 7.3014729769554165 4.508761261196054 3.5487440317051555 4.613158153748925 6.923825142044723 6.7376902500438955 3.8410338626241467 7.965837129663058 2.81030497197169 3.4431798669265956 7.049524062131712 5.061405613248934 1.0102068929813994 8.052855847180652 7.253743134940734 6.1567644784870135 5.771596888218262 
7.401712497326287 8.065895465430543 3.092599222305781 5.539354835427762 7.287838759027 2.1326996758891843 5.182033176845947 1.1904978135341828 2.7129184300981333 7.867362697266994 7.219295969226172 6.152686250806571 7.542840248156406 8.10195858796703 5.133577390873759 2.9888240609386276 4.469182740747568 5.799374497046468 3.4287101346653976 7.964915907754932 6.11317579909651 1.7152121002340754 5.121494439144354 5.2426222851405155 1.0695314668483096 4.26570998976037 7.802169016569705 0.4088063310316317 5.972643904916627 2.368257636597736 4.312734090668737 2.55159044365392 9.042257083443385 6.823983142686378 7.3282812734233165 3.1136068798233154 2.6012239552018253 5.62239043762192 5.600298771965373 1.0321707674737464 7.387604143637264 3.1248347133495438 5.092555864420057 9.053849201587754 3.4353454933191276 3.744694350797192 8.65049125661497 8.386842320128881 4.279244588462881 4.7329539362070205 
