30
50
1453.4290368924599 1315.2397363477899 1979.360734750801 1413.203709286979 704.6425599152446 797.3384260713419 1140.3796005361107 888.369332832763 1144.119469887225 1695.43307173364 2037.5883331665768 1675.5034494992829 895.0356826113068 1485.0919131568849 1235.9443194992068 1671.811593679411 2034.8846583231484 941.6549834873987 1951.3464841611583 877.0751631921308 661.6517522871459 1189.0593566763996 1759.8236646260432 717.063323304813 1586.723605281528 1522.2276211987553 1528.5460818463403 1939.728530043944 2014.2793007083142 1178.02270117306 
178 137 339 171 42 52 99 63 101 262 352 235 56 180 142 244 332 83 307 65 33 135 257 40 217 199 190 309 361 126 
16 28 16 20 31 31 11 16 11 29 31 33 7 17 24 16 27 24 16 16 18 30 32 29 17 31 21 6 8 26 31 33 25 24 10 24 21 26 15 24 23 16 21 24 19 29 7 18 5 32 
9.750302140313675 8.235094121788311 8.304781490423682 11.36843253092161 7.593328284080143 10.376980737169571 3.9233243675158445 4.252211781708716 7.181929061417201 11.457918677853678 7.487659898995725 9.8521512744244 6.978484349792269 6.680300909246842 6.625418069059693 10.962322299329285 5.9925222140125545 4.574460759030901 9.564996551491571 6.499401241240483 5.659918696575964 4.9382471986973835 10.582492628742795 5.133568409133438 11.575772127486086 9.730551584152682 7.249754047722169 9.091392397263553 4.603161807047115 9.570316861570578 6.479573893578225 12.772777198521021 8.679850951276736 9.416230565224915 3.921151709300139 10.93984215139651 10.244006801254661 6.7028045690539475 9.000566809488161 3.835648584376145 1.9733030506608962 8.925877322289118 7.848453594928975 5.910652189363811 9.777980620068586 8.589999093835083 8.978171075248206 10.296895344254953 9.87745939716888 8.532770109696724 
4.578049463807669 4.911832033966095 2.8787316374624394 4.4763491557122554 3.4794361396621847 2.6058238130945943 6.928952372302312 6.329845127398648 3.799419412879419 1.8289403171149032 5.368958629344476 4.995324899855451 3.617307578122872 4.567527882460714 4.098173570473379 4.269211270643158 4.702726274399428 7.609189198498441 7.0965826451388105 4.381128742679639 7.657373720367549 8.903779413963614 3.951152274845413 5.466061192244624 3.14698180664073 2.6595413202357596 5.159294691499805 2.7993326808973884 6.716527730804086 8.873814569478215 7.809582926851393 3.975172004334591 2.795344840933783 2.416362849835981 7.275762470049144 4.090903288903508 6.018796394816316 4.5556676541270145 6.502671431509409 7.487185562256604 8.615358037017547 2.3950088743948657 9.017687262816263 6.8112405077453175 1.9331311887544411 2.3803253340713266 9.648295471851373 3.5999133319037524 8.54650307544533 8.960912645209383 
6.246920884067722 4.7597195020526515 5.815321326211777 7.925402574224151 6.813968925881446 7.483428723129689 2.431526020025859 3.656039058248159 4.828628978466975 8.87601192945213 3.974962827896651 9.996160935790506 5.630718216277981 6.418380156154283 4.660842148657242 7.5541447350060595 4.18378900171889 1.0180217864552552 5.485114167366554 4.2953820469590465 1.5700803233252647 0.8373770439191308 7.255468766983876 4.39839411205783 8.544616172693399 8.887505006168151 3.9062258344004985 8.287408489466866 2.043532978479296 5.358776539285711 2.302293080002173 9.645264400801752 7.8070705438169625 8.451524387288616 5.119521160576539 7.581390682730068 6.377039487383827 4.076484370917357 5.017109417504114 5.244522857920934 3.220403883707101 7.872068711018358 3.6659576908770624 2.1478517138532114 8.610744609915034 7.402956312055727 4.821405488479026 7.078328356734866 5.672405734669646 4.332406680132178 
4.454269068302798 2.9519113173681637 4.13129176212364 6.131606703028672 5.694227895693553 5.683829992730011 2.2768415137172346 3.29687408885074 3.257354280017815 7.105775565817291 2.1649590403487196 9.028546140275637 4.3980377232499075 5.562785082362595 3.2813847692953457 5.753760012765708 2.972199553708976 0.9850048280432702 4.057101782775263 2.8583478804285556 0.7530814071627406 1.909792777658905 5.445665357730304 3.701209840341985 6.731150607341818 7.603411381320959 2.0946677884478113 7.04903636033154 1.3843687756094316 4.458503272811659 1.435591963850057 7.830502646237605 6.572084796403176 7.145121287653007 5.144933373884223 5.775415753748122 4.726299004666398 2.472477591691648 3.4632042756724104 5.331279529497406 4.019976820374526 6.565005674810727 3.199401287981543 0.37412614345475914 7.225180878508946 6.07540364222372 4.329722126263854 5.263395623847077 4.619329204489651 3.6671163164220912 
2.543830753896597 2.9659487021117643 5.062234781107687 3.2960547633017105 8.128339706954472 4.577348407727389 6.880699309785102 7.539476883095877 5.296608508082205 5.998181373407968 3.326145673473528 11.263111215828774 6.936839380771003 8.615605478648346 5.927564841770195 3.20992647670932 6.17246544027204 5.75872968243048 0.7903970284301814 5.5929308372388284 4.715940408070639 5.798360230898214 3.3275822357125384 7.4695376196465055 4.763655666253606 9.13079985114045 3.7178643993675604 8.835758414870988 5.986337839656112 2.243209440616828 4.000559171395162 5.255195879064933 8.4729868844617 8.688808705949292 9.447104120102173 3.371337516011409 1.1217739129189175 4.963488256372578 1.3770340785658668 9.668233132410114 8.800478201846612 8.237168289839046 3.5830050402522624 4.44429115702297 8.465278700121283 7.803303082837246 3.402189095154722 3.5792133744332064 1.726776738667285 3.024239239520648 
2.855847823763555 1.3881801237228975 2.19424317821209 4.46017374365491 4.4120814272931055 3.733979300875479 3.0432902221486255 3.4323316452099255 1.5516635786860211 5.125513985855522 0.8467168945254577 7.763864964152891 3.0930290348746055 4.636215243513516 1.9385301060473195 4.05557536667591 2.033610221749606 2.78927904127742 3.605217293485355 1.5277503710002736 2.592226867697343 3.8825064258800195 3.686986738570967 3.302467069047058 4.8352689852145225 6.02386271289928 0.44992341933944774 5.541484437401177 2.3118053019687244 4.7891669682466125 2.781469605958726 5.98182831284482 5.089093402007988 5.5542821810544085 5.310065795609679 4.040109679527756 3.639512136342013 0.8911366959250842 2.849520581541353 5.536759948148714 5.088387817794533 4.994683417007694 4.244726008094932 1.7500305749633795 5.541863677285885 4.501623737169209 5.146332626444282 3.4343840243197468 4.715291181553022 4.417597334704958 
2.4717599701879207 2.9409600959346167 1.5680439931181152 2.677155577107703 4.081988773434894 0.7437456237932305 5.9835042245271755 5.747207467927751 2.689810012348973 1.668520240292895 3.5267701913920635 6.609781470397753 3.471222731604752 4.997040230970541 3.291074204781015 2.3717329150475854 3.911869996538557 6.219794164355089 4.991637958886251 3.3724005943450392 6.015487928084394 7.334564158748468 1.9791963975992954 5.070896324496647 1.8877069687609067 4.314044934356261 3.412988919021316 4.178655364369133 5.525183245037592 6.783681062173136 6.0129810866020375 3.078119332535291 3.942061263760583 3.9240527907738287 7.16547204800524 2.210041569361425 3.9236120126703424 3.25237744532128 4.416874117996264 7.3984213811299036 7.915974547937697 3.606267434779966 7.0491993430150846 5.191525399711619 3.593115458524048 3.297287648306294 7.601968549743173 1.5782422739829773 6.443495399406512 6.932089474919165 
5.7852527088350705 4.321111816145026 5.5378924066113635 7.4615296406990765 6.784622479682727 7.109580300035761 2.6008223393396723 3.8184522859541343 4.606426472343577 8.536524022991237 3.544351172647219 10.032974928858454 5.552302329082183 6.47477948541984 4.517933832680277 7.097867205157765 4.095641414016944 0.9168107998291258 4.940756228229622 4.125722788852457 1.0480380816388106 0.5880221956249427 6.81412121506987 4.479330865628011 8.139331921525825 8.805706243757703 3.5147814715455277 8.221404597074693 2.0268934104213927 4.823885708141747 1.753153299626826 9.218575077189962 7.740521724039877 8.359559384858304 5.4119742907127275 7.132652322436828 5.8574795936036095 3.833162265813069 4.48558742268607 5.553817515352401 3.6652471051384365 7.777863163957864 3.1625190162900862 1.720486772300782 8.486817590059768 7.298783900847817 4.3279094012465436 6.6560083435039825 5.128660169214729 3.81313998275244 
5.930017527557375 5.1765902050287504 7.359463690844807 7.246405661208125 9.722896961526043 7.938212560941541 6.3949019146289965 7.520764216149249 6.919539331680367 9.490035011020426 4.795810604464636 13.089982004273725 8.39333472722603 9.748577394151093 7.220784545016389 7.043047044146826 7.081197876561442 4.667875427786832 3.5859566380710444 6.781551400862487 3.5805676880611017 3.613136309296105 6.994085594110397 7.951397381039641 8.522159692403612 11.385138744233675 5.100125792377548 10.909355802780926 5.584795596006517 2.009494125398003 2.829911015031406 9.246357963191183 10.455323924515938 10.915184481613542 9.290806319808704 7.16767382546262 5.017463130804339 6.210767326805557 3.8236083086889505 9.454476068813928 7.644634989636764 10.36037613666252 1.1243381545028877 4.120479486190211 10.872245212212198 9.868187360121398 0.8189633709472365 7.079990035702494 2.5619897957324964 1.2022864475463255 
0.9100644861639984 2.4307219073759914 3.39513457613771 0.8596063365509309 6.497152222005708 2.1214782237881806 6.806333421369274 7.050647074468249 4.1240884222142205 3.4283666546401297 3.202909633007824 9.295979389139621 5.546727494452874 7.234836504724759 4.847407143759791 0.63207758772771 5.316301075398028 6.303496477890572 2.8780223575372013 4.674862545961462 5.608949962214259 6.924570765481507 0.7811427663716152 6.663202218212286 2.178350505303881 7.0247076484742035 3.410678028988039 6.849767681875521 6.0571860467364935 4.713630095174258 5.213483309715398 2.8373743633849595 6.566531590899656 6.6226118431232255 8.805027020837997 0.7828205254106242 1.4870939046070344 4.193057372711092 2.6351203465110364 9.040714348946189 8.852300722929858 6.261887797315796 5.579495576421337 4.9796109595653295 6.308816616444952 5.899102354180897 5.760890326965261 1.1408832272841514 4.255704381522106 5.218762840795107 
2.5798371903355584 2.4568224379830133 0.5315328051424716 3.3434675216980443 3.3745523730442635 1.6522104126444757 4.957037503827569 4.711412378251184 1.6555506293266555 2.6530879438128125 2.8631829711055308 6.263071796367015 2.5517465810288043 4.175201575608735 2.255588557994475 2.9703785050808396 2.873898375726933 5.290639786325851 4.842811909829367 2.337073482223127 5.202021769168653 6.487080927898808 2.5280455137235402 4.05494096554216 2.869322537600011 4.102563057000783 2.6583912717812996 3.8194205724893253 4.534922157221612 6.524864344909727 5.308731521609556 4.077427075146319 3.486987816121988 3.659207465598906 6.170098846096068 2.8428624288337074 4.027231173262553 2.2634639837747397 4.172225261518621 6.404671434925198 6.878401287855081 3.220896641840421 6.5277535094559695 4.360585752722605 3.453008653098122 2.813330473229527 7.2116390529413 2.1061780631558644 6.256951871860136 6.509113137429894 
6.612603551023626 5.234536643137671 4.631588168925205 8.0721944053425 3.7981803668384684 6.7716570992212075 1.3649531239397201 0.4487039791191285 3.551257495174873 7.693723035765556 4.6495938782988215 6.544398936561827 3.1007457985679188 3.036322803744251 2.894757396323284 7.658529111563082 2.2879386399913186 3.1150738149711543 7.28410812550913 2.893430099592009 4.178207533196705 4.498091184814611 7.236027542167507 1.2551107546066576 7.993792259518305 5.974005391124412 4.292307831471947 5.3320269455204485 2.193438081166314 8.002310931086637 4.99523202851895 9.20580166123875 4.891162495329986 5.62055050840971 1.5717685999519642 7.59761967989829 7.494427140187685 3.302798273725397 6.568871078716224 1.768876657990071 1.9381713205930906 5.10060836432319 6.74913727487843 3.824922305196701 5.945321187775039 4.735982659178605 7.8975227871757445 6.888188477018757 8.106399298301422 7.243019035773262 
1.757909178663094 0.34823217965398645 2.583982771530731 3.4361374660316386 5.4097120234767715 3.280938436814112 4.300348243966474 4.77454882033067 2.503816148810822 4.818258310729309 0.5804760986629208 8.676247640424773 4.1533582340312245 5.7990436853612914 3.089994949268747 3.063792581976703 3.318528157157463 3.659980875617915 2.369176380691684 2.7407041075781997 3.0310014795654 4.3735100694750635 2.7808070833068954 4.627552953776778 4.167935642869429 6.722157735188073 0.9024644412049183 6.325039206164873 3.4835833032175656 3.824713779666762 2.8088633327163084 5.196847728664789 5.911521281427631 6.257277196198176 6.654691680910242 3.0959876810248934 2.3006172736305572 2.108788150368383 1.6116957823390212 6.881550826881737 6.324999426899599 5.7410319559647025 3.7743255129784146 2.3448789331538755 6.140712216351759 5.268124735585834 4.436303046324622 2.6557197173411713 3.6390334403860503 3.7308510317386916 
4.295606207018086 2.8226887898443587 3.0476061248222415 5.8793998476610785 4.157494217277943 4.956498810182516 1.6034488812274668 2.1158831313643214 1.9909267441676497 6.205487475938455 2.1675165798043126 7.485223684951253 2.87749745357287 4.032838030256248 1.8155700973213993 5.470710099019001 1.4338718197438338 1.8477370242463906 4.7839397562745125 1.4345129894632032 2.295306819896595 3.2715904340271567 5.085501019609193 2.26453915955062 6.123503170535206 6.11521074448858 1.8409416262979792 5.5431564436025 0.9770238756599865 5.631096806076367 2.9027877926606873 7.304124199787651 5.063507022959321 5.664546914159098 4.033335602561171 5.443689669398475 5.027739673616276 1.297821771299568 4.06433061227388 4.248405168926379 3.6497172047564637 5.082689091675869 4.634993623771331 1.6082473034695313 5.784265005990541 4.600270270501116 5.70825917597959 4.801163275209446 5.677389057776846 5.006045272113852 
2.9786638473880322 3.071240316751358 1.1044903777777244 3.4339355145224246 3.292509145882238 1.5322245288966223 5.476325790710817 5.122908974377415 2.182344489753123 2.1487155691376203 3.5132513025781247 5.916905190874617 2.718962115121365 4.210693432634516 2.6868873700432245 3.104277570806515 3.319369541141028 5.909042790715624 5.372946425092019 2.8450307272359754 5.852568055401446 7.130558722234087 2.6874821217248956 4.392148976482852 2.6577704739472057 3.6700561567106176 3.3140347700537225 3.470106486243817 5.1128306386710385 7.098104717916578 5.964192912949727 3.826884047743182 3.1990702568184686 3.252315076477081 6.450167253288052 2.9521769569489207 4.447633337473143 2.858735565665996 4.7318032321213845 6.680826186510217 7.342817241566003 2.883512812777437 7.165252698622449 5.009694246501448 2.978441182502387 2.5410478773113003 7.822803289636875 2.2683354644682465 6.805866326180899 7.126836422177688 
3.9404942267071186 3.630695080146774 5.92561183567768 5.064158084751572 8.723551073693315 6.023406858245286 6.427221914965808 7.332734556330629 5.8041847023874755 7.538756284535762 3.5733576618523637 12.025830986776572 7.428339398933053 8.995202198745181 6.294065543602436 4.907472252113935 6.35462020383735 4.960380499639204 1.3994547919138172 5.887465516225545 3.7882538633763856 4.5531432050859095 4.926573445348582 7.498144350269348 6.436538209199153 10.074688083494475 3.9643328026603224 9.68462099742889 5.518304848544103 0.47695457520040624 2.9326737316315947 7.056799955624175 9.269541322048223 9.611698422145917 9.237237707907763 5.049192755281975 2.8129133370128163 5.249092590702511 1.89467751819766 9.437481024354003 8.12429358827793 9.100009849438445 1.872700765438766 3.8614201778969126 9.475539707668464 8.627704738078005 1.526816152695837 5.084049891637891 0.4772690115249248 1.208451829505299 
6.6407147500830535 5.813237228568626 3.927812484961679 7.574017667392931 0.9901662876202428 5.7514619745839095 4.317753241321843 3.170887831483463 3.479855071705216 6.006682102817456 5.64131690211917 3.2942693756973234 1.838818099174639 0.29037428672167137 2.90848946603095 7.203234164702539 2.9167437786145927 5.837851409882004 8.343521189989833 3.313770367755469 6.568117133329246 7.341597851043326 6.760250267857399 2.3126064815703526 6.862847729312895 2.8222670699309145 5.242132815077888 2.2010802833916783 4.72848783130111 9.628742667702767 7.183746234678493 7.987383913055451 1.866424675089794 2.5776620396415733 3.129255815912381 7.074575554517643 7.957641500602079 3.9510376166599963 7.585131418582933 3.295356974950561 5.158809059077166 2.2093778738283043 8.885257998841404 5.8898615387928945 3.027851996696559 2.082613968667423 9.902354573463061 6.339010328001279 9.546863279608557 9.180621230588384 
2.9285404441107046 4.425509261562746 4.621945416545251 1.255378925684163 7.374812866892336 2.5632141717660084 8.63708445239477 8.696572695864088 5.610835015410228 2.8740368436447215 5.212888118811741 9.62482227235109 6.721961963588614 8.29240954709938 6.31235932504553 1.6208313386873465 6.872967596061715 8.321665034966587 4.798344546615799 6.252508587846939 7.690977543682203 9.016299086213792 1.9659340581052 8.159474435464581 1.5249443740418365 7.278468363727663 5.359022133208549 7.2894586243734825 7.963257040910229 6.546210503696934 7.316799691738387 1.061513997080696 7.131401179058038 6.966205337531011 10.303128439725928 1.6137749900840639 3.368339299241259 5.8938414760746465 4.690230491970998 10.539361275961793 10.672636153148742 6.762631317451758 7.616535084663197 7.02725838465427 6.537577164553818 6.524184815116401 7.673047767337806 2.2644813994189246 6.0345164141451155 7.195979158343489 
6.222475344433968 6.023194665700161 3.7290559474125793 6.554714625162394 1.9531902204067528 4.594531000725798 6.4077588639187235 5.4706133996553366 4.0787910509577445 4.162929338440534 6.208015599930513 2.717713059066887 2.925999054321906 2.924436138967973 3.955150407917547 6.275263566435662 4.371257169414099 7.572045775137447 8.505894639338697 4.3748451262326356 7.97308791420329 9.030056887542134 5.888600817708319 4.533372692100935 5.394950656593132 0.42343396747131856 5.881391364819098 0.546021941630606 6.513110083970725 10.123369938759302 8.364605406991961 6.306751984084475 0.865729917202141 0.13135494324471397 5.825118993424788 6.108530664460471 7.687356479377355 4.835191324498939 7.8105163765773264 5.999346672880298 7.670701920531546 0.6823854600380845 9.859596871519745 7.163587951648634 0.42225039181368296 1.1592517045112614 10.690658013505029 5.483383793747282 9.896150870799934 9.967408690224048 
7.86065403787182 6.375182538773715 6.244551625616493 9.434090516771032 5.605398890772932 8.340039233592499 1.9621066719285971 2.17467542047397 5.125503867226517 9.384322402635114 5.670570870226616 8.147959927743734 4.909457201684529 4.770842562630799 4.549391366491732 9.023147374695288 3.9171316682681434 3.1312039802076845 8.01126932822047 4.443004917061167 4.313440211534874 4.058881214232606 8.62660429408021 3.0756567308118177 9.548732895682669 7.77208582936702 5.385581132597773 7.129836350490334 2.7810316859583883 8.337825576845345 5.183161568691733 10.75303471551268 6.698486940599391 7.431288921846998 2.3508857458170187 8.98733713469033 8.506447876564497 4.695110053749819 7.373031111581704 2.3760907339599187 0.11389888409563788 6.919274592568789 6.795458377352686 4.31790752741164 7.766260522411854 6.559918860713831 7.967728699917557 8.318917803222318 8.55642962772443 7.407885683298466 
4.497658694855936 3.231722766857588 2.488560430120252 5.9023762317081925 2.928782774762206 4.608382778329149 2.0258192365278562 1.7338056440709897 1.3798975899661534 5.6306880847376615 2.8055804301508767 6.2542269603293015 1.6741865336145305 2.8384963170402226 0.8143135936136493 5.489325299243426 0.22121249516237837 2.9834004269490775 5.562923700106255 0.7114368815094989 3.5268034173082716 4.459607832223012 5.062136254385246 1.3580431401117907 5.827352142390402 4.931021247483917 2.405659128248286 4.342667030845549 1.9264835030574696 6.644664649738282 4.103320549076123 7.0382096376997385 3.861766029259099 4.490394248787963 3.4558470336072054 5.422960315251876 5.518164090515707 1.196596707979811 4.808252560152831 3.6900310498192077 3.8635484952902015 3.910071203422114 5.804124668085594 2.811770536591908 4.652444680779201 3.4400166498714544 6.837525065315456 4.708410386103868 6.623514097578978 6.121116821909122 
7.295551331501876 5.783260549376779 5.937524889405447 8.912257259552847 5.7633776201522995 7.965265029679872 1.5111451013104276 2.2209826050868577 4.8152597901749505 9.113813434324976 5.043715091729727 8.554470108162805 4.888810394981809 5.0534689181112515 4.326666817477058 8.506477150031811 3.701980499765092 2.3009835056596857 7.252432707489503 4.1401068680733575 3.4732488648447752 3.1769579936214236 8.128681387119348 3.1565937554270485 9.15204237719951 7.9426194193191915 4.796076566216229 7.303511060301757 2.1486551765554873 7.49454343405184 4.3390890887799625 10.341756672693263 6.849130805644346 7.567415790478014 3.0079629700849413 8.485360165154287 7.834055102168763 4.279492271267008 6.642371813618544 3.08153330538669 0.8884813114471569 7.025779136530408 5.92415438941443 3.555937662299373 7.854286696994588 6.6254930611210945 7.095188717398546 7.848436122069611 7.73127600207242 6.545959109604666 
6.74306788268084 5.447400117381457 4.5413253229302875 8.118586335919659 3.261206638095129 6.68571089183858 2.0021259685021584 0.816754260606446 3.530154806184566 7.484675429346009 4.934794674480769 5.870446262501886 2.760892947851348 2.4101099590195907 2.823119167395316 7.707429144779246 2.28708514851378 3.7432067838453187 7.639898381012495 2.9271496937409913 4.756550590676523 5.160710055014228 7.273277395308981 0.9833098359405954 7.906600174078958 5.4147060431295815 4.554587001038747 4.7730189181818945 2.7523894456541593 8.477104364971572 5.545595861755672 9.115657001977471 4.350806795109079 5.086405509539381 1.2120197466907354 7.6313685616552815 7.731381465774218 3.4354816785823363 6.9051919419333805 1.4450317259026948 2.476054708220044 4.59216912376278 7.308198022113624 4.326620341164195 5.4444945627497345 4.2648605090662715 8.441341245556748 6.903260656963214 8.546585299472145 7.76973436406419 
2.0964698362108276 2.171951252543277 4.365486589871764 3.2577441366628443 7.372462155319594 4.184801846307875 6.0297993951291 6.681062942079966 4.5032153828789125 5.686293968853507 2.4742376276996096 10.564088658324453 6.151338906748367 7.815126460003025 5.112630957557381 3.0678685263130583 5.333739051652234 4.957273363389884 0.47384025900335325 4.765001243303455 3.958998925280954 5.112859695763538 3.068829326779637 6.62086563076701 4.583340588711119 8.488367269244447 2.8696585772744383 8.157742800419502 5.139573102844595 2.316951967221806 3.3052362993758826 5.2577645424250345 7.776116357198536 8.036832583958436 8.589368668708307 3.202631242616192 1.051441625666004 4.130094079337341 0.5316870968749935 8.810180888642186 7.964040857244202 7.5616272385189784 3.2158708389945323 3.6244421118782153 7.846925037066058 7.112662753046671 3.3224563389395527 3.2303759769820592 1.9271736749765664 2.7915581937125813 
6.113433002183851 4.916759225878784 6.726787960277697 7.686421469174372 8.536909809158622 7.8541223207110935 4.633498927073115 5.834207555902041 6.00718442262406 9.385166260503413 4.279766963802106 11.8630701383588 7.24023279586837 8.361615001335934 6.111862739575176 7.390343838351733 5.813800677364638 2.8909220380749083 4.40620620532199 5.681147449665962 2.090719156365229 1.5743962726234064 7.215109078440501 6.420619261572881 8.69178788809815 10.427639830741382 4.4412960658856555 9.883840957004855 3.9517107523684607 3.5462899325998167 1.7950179982155952 9.620751762204108 9.408627567241783 9.965582358941214 7.466448598028802 7.472738574758844 5.674702254704364 5.228519316048578 4.262140274662152 7.607686616300036 5.625628933398108 9.38793711672153 1.7080795205769992 2.885890498626141 10.018359426731632 8.895620331018367 2.6773481750644534 7.1756418246364575 4.0033846886846565 2.425213113883608 
6.512914786481958 4.989247834013998 5.633314473418189 8.177418353808239 6.168996746852242 7.490550514066625 1.6313398461942414 2.806088381205827 4.561870063658718 8.785457173208684 4.209245884755839 9.234532639214615 5.082451131025827 5.656216452702704 4.250319661077952 7.7861017133519415 3.694168397642041 1.1465406204641366 6.125678516493732 3.9478576125544453 2.2317170711107264 1.8571802824463 7.445979666704776 3.636485932438494 8.62032729151949 8.303420561851551 4.044116920215807 7.683407375863629 1.6188916604446293 6.2174707461446275 3.0760906296489625 9.770563115816088 7.208392081697205 7.887311263914243 4.128533146813671 7.790001253448528 6.855073818115151 3.881536332388059 5.573606142611398 4.243784063865385 2.219265264418481 7.316994335385202 4.6038590210120685 2.5028415985153107 8.097907655706098 6.869478682027525 5.772268637404299 7.217079166798989 6.484362736147936 5.23977772432267 
7.4504856577885095 6.901432110961645 4.741243148599946 8.077498951105595 1.729711824137547 6.135833074230708 5.977842825052556 4.838035009412978 4.642775793796705 5.9585393959794475 6.877917302518433 1.6690362662919125 3.0546114166831106 1.957554104576211 4.226445647315354 7.752458299475987 4.394007262234768 7.453731974035341 9.457532531893278 4.662997554956247 8.11203169126486 8.958196353758932 7.332287393767329 3.9715496911293764 7.0821974289223855 1.7473345834391287 6.497784770536104 1.3840715877313263 6.344229825655454 10.895378461253468 8.668875940617083 8.07937583823332 1.46862354337668 1.7920479167635028 4.584694980552687 7.599881629118128 8.865287455130815 5.260437403932155 8.71600383179305 4.71000942428007 6.773464188397602 1.8405553248437951 10.320213749506387 7.3874071100576035 2.3126092386562696 2.1075292463594133 11.281408931970203 6.910334394231233 10.753929759444425 10.553442172093375 
6.685349960258336 5.194537937443045 5.187325856655685 8.271209213133115 5.00622159691283 7.243108064418646 0.7937401688575064 1.4726679024931122 4.063328788108337 8.356984990394988 4.487700915241939 7.883654117422187 4.104079099014381 4.343337541474966 3.551595386197896 7.861637843661731 2.923720185385404 2.116231211873209 6.86186278794768 3.3835884227322657 3.2881629900603278 3.3101000780580456 7.471234310223293 2.397880539675022 8.440669757958933 7.1828137794796545 4.204520786726097 6.54582169760317 1.603735744605155 7.28715620348496 4.154353933522062 9.63809548402381 6.086846308004086 6.800424368585732 2.62519601206705 7.830809892736697 7.325818472006178 3.568169267019921 6.2095932396281714 2.7512943954483826 1.2603738564294327 6.253878086082725 5.840015239987592 3.1863199179736394 7.078107507720297 5.847553730278458 7.011333987138059 7.173956989525557 7.472485840104579 6.410629567418459 
6.7893227494689645 6.163169091191464 4.059309098399523 7.521363264340448 0.9591491569545223 5.610980193797034 5.229063644570903 4.119189918004645 3.8782352988584323 5.610562450240144 6.109022693230425 2.463392706457847 2.2687140258322533 1.2632423605004948 3.437739923952126 7.17837755149324 3.5978649349691825 6.672257983361069 8.719625471522582 3.8726636742155445 7.317130110022132 8.175872428665084 6.747962914975373 3.227395916561855 6.629317491054863 1.9002323832859838 5.7246767165730645 1.3240668732278082 5.563941593856706 10.126702879511795 7.872835878983068 7.685446237582058 1.1305426001232486 1.738474832121368 4.07949510686544 7.0334873908231135 8.180349845517386 4.476115910638358 7.9727845253184215 4.232084318394077 6.143408922252823 1.5279800333726192 9.527363834619237 6.591119574155403 2.2385298777292744 1.6156138987489608 10.494953254874563 6.32372548212291 9.996979912235698 9.767446826494805 
5.595187294532961 4.363644234958832 6.154168576709923 7.190452747330134 7.999276686055239 7.301022720749483 4.21720691191737 5.395402348856932 5.440379982871722 8.827274824013482 3.7141000784354024 11.33592817454806 6.695727612439284 7.854645758462706 5.559475511360125 6.883614409755989 5.279052177355567 2.467111792638738 4.024319083711509 5.126511786742882 1.555593534784486 1.3601208392631638 6.693791619756909 5.938713618507449 8.158399211380722 9.870230541525299 3.869861730645699 9.331364713361168 3.4838533168424464 3.3860243444243814 1.2278732753047537 9.107314748191225 8.857424134164297 9.407096675878709 7.087454083805959 6.960112107342443 5.233216278272261 4.663539625290751 3.8101253165005486 7.239659048854752 5.372011583231064 8.83046439613883 1.574675198845768 2.326567965880033 9.45389620513456 8.337505038120849 2.6860789744615077 6.640868374580572 3.792020598445834 2.286633081914828 
