30
50
2316.5732277501493 1205.8139788861045 2134.555643626065 2437.71074214568 2041.5701940002907 1861.410125917091 2603.6011044214633 1590.6393738331371 2458.8265188637224 2379.874819334101 1296.8354006324778 1630.5617405382548 903.8389921646623 2349.373144492023 1160.5872381822614 1451.2391173829951 1530.3758888887746 1510.13699437311 1970.3126442546186 2255.5058412926483 1586.8778124435253 1489.9438083330917 1628.9663596526739 2010.4246760238293 2249.278133566519 744.0658564978407 2357.8259011649598 1542.039775775 1985.6860437167838 2529.4640566876574 
485 115 381 575 384 298 560 231 594 519 153 213 74 500 108 186 194 175 347 474 224 198 239 377 396 48 463 186 358 530 
14 21 6 7 5 27 17 8 26 27 28 27 7 21 6 11 32 24 6 10 20 23 19 6 19 24 15 6 26 27 33 32 30 35 24 28 28 15 5 6 13 18 8 32 14 22 14 31 25 32 
3.672276500784539 5.078460740481533 7.654490528439729 3.4078872873442103 4.928244698084725 6.5774128150061975 4.9411258801047495 8.792759660060836 1.0016500182019006 2.9594215281458194 6.335996597430848 1.6117249057391245 1.1382534618799554 7.038707544704696 8.20076662168515 2.1734559009761893 9.278670405361886 4.000529954201515 6.875689847713447 4.354640817516328 3.27075612754909 7.778775718234213 0.633641173324095 7.224537219112391 3.7010547516279213 2.3563219126446744 3.2425595593014322 0.8162024758054452 7.034580648048903 5.527785766980971 8.338483582145358 2.4983512364878044 8.307766430844087 4.0861967518172495 2.3151195297538973 2.2232815991585277 3.9043650056104195 5.806102521338094 7.247227609806657 8.476232539303455 4.839464375893984 5.333844271611032 3.247453064899059 4.476041666626431 4.861730263678816 3.9972021045709276 8.197867601124715 6.693824179609836 8.018948079398074 5.7909657321929195 
3.0548531039595703 6.932439486393699 6.172647110587431 1.213745183070437 2.8958927648689157 4.578452986497296 2.9297074106050114 8.616084613118321 3.172070057120426 4.103976112477969 4.158303963000018 0.6883893239017082 2.9742367801738583 7.330831535242572 7.22991593212118 2.6966078046120234 8.873139649781699 3.651609625100434 7.327049182512264 2.4321545269004194 3.600464386220778 5.872375264315525 2.7747918560511255 5.352280055612772 2.443417994784672 3.515589980917408 3.9457919376018156 2.813602672661673 6.238950137219911 4.068543179652417 6.228056904530106 4.682221085473772 7.955646639303499 5.5091025432415295 3.3226552059540007 0.3004644856672529 3.373880288412839 4.5080925041173385 6.267690491400142 6.30889462804017 5.807160125386247 6.85035989241255 4.811181192046618 2.682573701974408 2.92731754749639 4.664068136491158 6.1372905852749815 4.79172931039349 6.882136556554354 4.191837947265586 
5.156732234657096 4.511543900770817 6.319105382715112 3.593429493797558 4.408143643774577 5.865082541739138 4.3847843922779 6.951303418155655 2.020355191478446 1.5034497856027347 6.0889911548400395 2.4659615110512263 1.283310821895093 5.228219315124191 6.545550901733847 0.35238248308317627 7.453966114616191 5.60276409009552 5.100892934566572 3.749455872686217 1.4285176947577862 6.868140022142714 1.76954644084197 6.294085647425912 4.871507063328676 0.9291789768810672 5.069168532964863 2.568431501742026 5.334394774542661 4.298307010610117 7.773125559910952 3.169165255389462 6.480695754545872 2.920459175885015 4.152747998518419 2.407321870893991 5.434962515776459 4.431758054866176 5.619066904131134 8.095466186956115 3.2697056550956343 4.265515605295095 2.2909976056151375 5.281453138154582 4.2005892949528665 2.246686039800065 7.523364420687634 5.8311329799426765 6.448108049610914 4.660250052081182 
7.929006318966426 4.090354051299731 5.920926575553573 5.818685299575321 5.792163518810441 6.72615441857523 5.727707325504431 4.475055301204792 4.388267994471564 1.8125737369749797 7.548761918479453 5.17789971904055 3.6518045087485156 2.4809014749286145 5.175516897469476 2.5464034830288016 5.178295230895725 8.395542844431526 2.305133158751465 5.180880695986167 1.532235980196139 7.269456569437736 4.307315108794176 6.734355338199277 7.5438191610280665 2.281813377806331 7.814593876749353 5.187775528919402 3.948396602315394 4.55568345804013 8.63812958085026 4.836865452249775 4.228322029290651 2.1335704650296927 6.879044987224319 4.870738743128092 8.215619050092123 4.314930164320811 4.473699493647217 9.196143841148725 1.1174109992872563 2.984817032119623 2.4711905170047284 7.747070191628907 5.446559341268097 0.5864930105065534 8.245551311034925 6.45655005143012 5.380255874004521 5.0263153998361805 
6.912746269411498 10.611877661239015 2.9927529573289338 3.8673231164525443 2.0097373431841907 0.42243427154954666 1.9918775349059457 8.033853186472633 7.788974253480029 7.367010058717337 1.5479882521662447 5.583318037230441 7.31134464804719 8.085934341132324 5.131072521718774 6.071795229514832 7.706610494985583 7.563568920075689 8.39619159771275 2.5910735154586435 6.100308001288505 1.258454031350769 7.394602644704084 1.080336432569739 5.852390026329627 7.0437241752195465 8.560599672418643 7.656379578586025 5.006155406103774 2.6581579280772774 1.5236909380984085 9.244733112565612 7.149322984805164 8.714673968269116 8.122197577789603 4.762599094557212 7.196181293737169 3.0967142386322113 4.542671138162964 2.0716202429657535 8.23284263852161 9.941524955827978 8.38107814610526 4.8547220809563445 2.0954995013427715 7.049730646857685 1.2698936488109391 0.8318805091112194 4.455547402115273 2.1963113293530627 
8.243176366417508 1.9074927182239896 8.089427663595549 6.947234896302722 7.43211025789106 8.607791510826663 7.384978788359574 6.1494033177734755 3.936460996969933 1.8794303579373057 9.190135673502876 5.758693419793309 3.441443838667713 3.8825006755642866 7.3478343061211895 3.3445299349337763 7.0022040618033055 8.571170863871533 3.4489443044970103 6.777159083899819 2.9373557349011232 9.304074705003464 4.0642772201345325 8.749598558280741 8.14026410994461 2.4566695851953777 7.55228185414547 4.886805487993876 6.135627389568369 6.561478561501552 10.549110129917953 3.6512246902422834 6.120026274362074 0.49041711113016295 6.61740918071378 5.782044847331639 8.480719788437504 6.403181352042163 6.670582834706749 11.02354124727449 1.2208666646606796 0.9256435335804918 1.3508434483217326 8.64650087180376 7.1384408777151 2.036581993420441 10.199996986484505 8.411673932343728 7.576207976872435 7.019461849190253 
11.080880435275793 6.990286372864578 5.539211938351963 8.360652641198334 7.512145737204985 7.670618571916962 7.421731285965593 0.9490368790136439 7.991064354733121 5.438284406501741 9.019432000852156 8.315227120033569 7.237926640268581 1.335287905789211 3.6155138355592413 5.903395769944934 1.9040817321372916 11.623316422697991 1.8269233783899992 7.099756597565942 4.7948812444293605 7.549834540904078 7.875200363488646 7.183970326934727 10.491292631676359 5.8786861967014215 11.286831777683366 8.7405897491402 3.0726269412419067 5.5259472819230915 9.244661912116351 8.435250306574138 1.3235800341224113 5.404030843944794 10.373170855682636 7.76907752317938 11.390001222170307 4.9817946642353865 3.645884943927343 10.016835077831931 4.049171583795269 5.5618723306320605 5.9902346642238635 10.377433438077858 7.115771719650455 4.20182305398067 8.737501006097467 7.193571653051713 4.227727403734892 5.917023982865828 
6.809733480370825 2.0602121354573297 8.275602956883944 5.988122094668773 6.8583616214628 8.249794680663001 6.829996241351719 7.335320501788537 2.383474935808115 1.413767485830588 8.553648985054016 4.534323535059293 2.0297495590105323 5.160409715086 7.958122276886378 2.6012571187190265 8.09059610903575 7.084295697297479 4.804846878467147 6.19626399663897 2.783124856308224 9.148250345575072 2.574964630494171 8.575814992319435 6.8289855875257475 1.618646962173432 5.968110886777032 3.3382441193878614 6.704510022834728 6.455519495974702 10.180041092161506 2.07691233881886 7.149927171707634 1.182203993908367 5.0429168238327655 4.75082049619705 7.025285439453076 6.443556581582092 7.151761846672838 10.540532333184245 2.44240397580922 2.216502248477269 0.45564303382350296 7.480101352424542 6.62921495598034 2.4583529983419137 9.898319751611426 8.157332595809748 8.051213250586521 6.872700057057558 
4.908432167136426 3.7587715344823396 8.197715322206156 4.6291596695202895 5.936312324312101 7.517238306492752 5.93335234772661 8.48148036679892 0.44609669158219234 2.2435654711320234 7.471878645581862 2.9162173668049984 0.6180917338933465 6.509282741867968 8.398480190487176 2.2228621400907307 9.092317230795173 5.154824191309232 6.257095557258604 5.312470861126172 3.0985704096136306 8.620327644171304 0.7095578123974999 8.05093090455351 5.028139275259276 1.7991703081325363 4.058759208719721 1.4012283429154928 7.169732153647882 6.144907843410011 9.361720505901147 1.346903492014915 8.118933060140014 3.015776708024185 3.1224960760446656 3.389967701221634 5.110076236988625 6.310913717618353 7.486198612283178 9.578271788767058 4.01515025308865 4.153922778644196 2.1466115142149773 5.8160243406747005 5.803871003636774 3.462907774777979 9.168711235314362 7.555093515567377 8.327593750289228 6.479623193005667 
9.338699603746807 0.7843518689204292 9.999523490562892 8.551896097330767 9.237026538545605 10.482105810876243 9.196482960303607 7.590338884053676 4.86208726658883 3.5856618477370144 10.978006560939601 7.141336747362135 4.625171492815376 5.321801283841431 9.163069986320306 5.024927525674699 8.520705958854736 9.558186738735332 4.81548995349913 8.575598309427674 4.804059067148052 11.213183127615904 5.118887064943438 10.655897586817053 9.419918609651127 4.050353411342874 8.26032150400468 5.7874926705136245 7.9788749165045 8.470219875209247 12.425770814318067 3.962571167509117 7.712638585244828 2.188625556017719 7.38638653168498 7.329995384412422 9.533547416957667 8.320320678596897 8.534306847908143 12.871184591968685 3.017908120335498 1.1366574811930792 2.680821819053272 10.086893728385942 8.964341093709653 3.953622228440534 12.089837887617133 10.305872102690579 9.43458939311354 8.925067666787536 
7.809016527898468 6.514602484284655 3.4362564230458763 4.911583718499288 4.096899886830126 4.576922970162296 4.010841440731839 3.892747981038357 5.576172675079098 3.61726121353363 5.7140563591062055 5.121254475349028 4.818788743113879 3.171932797206296 3.0171700591645942 3.2097708750871727 4.1247850570779585 8.395027270534172 3.4322610994183016 3.6403495827831955 2.3341576530449553 4.89460345043215 5.328519717220819 4.39316014070992 7.122702126826498 3.7097660877841747 8.345465142151994 6.084252505623797 1.77996203877385 2.320848656106893 6.3948218001712975 6.533263907048353 3.2012885978527588 4.515574012957891 7.501269922640926 4.454025320558431 8.127241933858077 1.9335751658125524 2.148710519556013 7.047846781444715 3.591657021860481 5.469511968552814 4.588961721023331 6.923092075943972 3.703652294018216 2.67023316473159 5.954605268853452 4.207896025180672 3.0412342777772263 2.78167174690162 
4.6056243989689385 5.404596086825498 5.8271910102 2.7103477434778753 3.5632883452668067 5.082336590255615 3.5472647485018567 7.167253474737278 2.442081775449101 2.359051588687841 5.213678306454218 1.8305316841687316 1.8533382130047023 5.660860484667474 6.339927679386552 0.907272755750042 7.560746369143203 5.116599152618173 5.60773416758681 2.9138236677782716 1.8426642913076052 6.159651665412724 2.089337205674516 5.589818288948231 4.181537821943618 1.8184319385350747 4.863836221720147 2.683997514922416 5.192051740143082 3.7258711198600243 6.962436122966236 3.804490303833151 6.602934463402528 3.7959688188305822 4.010629451759832 1.5677414377644534 4.904254180182784 3.959092609368186 5.382771534105172 7.247821987296557 4.009786125510561 5.140792692838614 3.1870800563553745 4.470726528043253 3.385872664386417 2.8735888441193507 6.739937180788838 5.097613304362527 6.149360245325489 4.034784995821018 
1.1196779466877542 8.057557698633737 9.56855182939085 4.029932017909459 5.98900584247379 7.584903663077154 6.052750611828213 11.864616500188983 3.975084049344381 6.318720817972043 6.611708994067279 2.9842669719097015 4.461004083799527 10.29460803048837 10.690102568384178 5.354108730455927 12.21942831165367 0.8622831859452165 10.176021473064933 5.710762839338473 6.454997992780116 8.952979894526084 3.8205977616296343 8.49762338005698 2.110008960002568 5.710758167028543 0.9922499822103967 3.0216811643979726 9.67302230379098 7.50447855651054 8.852747456360404 4.934917826854133 11.274862385841162 7.396420735374739 1.460501391835039 3.7468438581284946 1.0486741538305635 7.964955065091659 9.726232419204349 8.648694351466373 8.198940895762078 8.574814105485636 6.535689898902918 3.3331454156729796 6.149640156430039 7.309693218946661 8.918700763890609 7.927657836924041 10.342753528234287 7.580551913102255 
4.154994586868201 6.801586594977801 5.130065554230145 1.4425890208841103 2.2462317498082642 3.862608942405564 2.2467949089780253 7.560776091619394 3.560807527301864 3.702958746358189 3.8301792558260885 1.6669234285663315 3.1249786616836417 6.408327850660974 6.110567204302615 2.235322050570472 7.78024729388663 4.7641213308170585 6.456628308066211 1.639225418744675 2.8739106400157493 5.059105776667952 3.165765735362947 4.509034227928871 3.449130544242171 3.2003292216200343 5.01921772583643 3.4845000274211015 5.120709109351056 3.00099768466021 5.672933235669515 5.029794284184401 6.874846308200605 5.147920241731744 4.328053109555157 0.8330326243045248 4.4762458711403506 3.409139661804495 5.14751269555412 5.898901254678366 5.1954923162924995 6.486501634133505 4.577649959068019 3.402188378499354 2.143345299979521 3.9837810324210903 5.498128689732452 3.9730035955037817 5.773721234956733 3.1755820898482874 
5.199995459996202 4.665740749249029 6.097784189694212 3.4899147445101155 4.227852082918272 5.665443830965055 4.201768139325768 6.806131358099784 2.228920960487944 1.579337622661918 5.922712659675397 2.4719586550820156 1.500135046696173 5.130082628244254 6.339134455561878 0.18977233055392354 7.289323997106356 5.665064960090529 5.023364806708322 3.566977966319454 1.2986168563530893 6.6563540537756065 1.9641472412289729 6.08210897603016 4.86964266272321 1.0513850694502824 5.195648706324939 2.740808508768371 5.132976026808592 4.078447596614327 7.578901555713071 3.3904391348749323 6.317588432312384 3.016846721450877 4.288907193738825 2.334885929259439 5.48464720028773 4.210426571545794 5.409207635037819 7.913306873523803 3.2749269994131596 4.361366526369592 2.4311784678812662 5.22897685463433 4.010663063221478 2.1984751588628773 7.322853519360227 5.6230937581978395 6.234205058288602 4.442704516895203 
11.024142313991787 9.271712959652225 3.239038238748264 7.856478079416767 6.40469840976798 5.922544598303293 6.308935303271166 2.4040329117110772 9.047977985656415 6.877730242583237 7.495854885926855 8.470016699771682 8.284035303938532 3.988302605952179 1.0417403107894239 6.690339791797823 1.6690809129276079 11.64619132931138 4.5162564859975785 6.238690756016015 5.741246992961506 5.349287521640792 8.81173396075311 5.152158610084135 10.209870960675476 7.094513728841298 11.771256285002426 9.571123675256587 1.7761110716759645 4.304693967415807 7.080226634267514 9.908712691070905 1.6643082318938003 7.400565955692922 10.954265309742887 7.713473153224621 11.346740125140307 3.7253302051734516 1.8214927051347134 7.931168154667257 6.153107240308939 7.95983798674451 7.725632322872929 9.751018304105353 6.041005881996756 5.718492478000298 6.544303721274565 5.3687417950543095 1.734750654198639 4.503614394074776 
2.4533241438483544 6.499413163001568 9.373862960647505 4.220236847750778 6.11764326791636 7.793442994226013 6.16067113297936 10.959131519559708 2.529281332218271 5.049811717742832 7.118668144193347 2.5963757274727666 3.136400762914877 9.205834511816152 10.186316244793964 4.33860929695296 11.420387096187376 2.433293134291818 9.027452568032952 5.6881274017162955 5.441939855128339 9.113898879970426 2.467844186107663 8.603047768995472 3.1061364539015077 4.477793859298533 1.0977642609551934 1.5925171789641992 9.070264536736477 7.24136207854055 9.312294741025136 3.350866129772279 10.453499550676959 5.98437005056232 0.15311488573859106 3.4692141248664847 2.525989948399335 7.6161283180453 9.220957514203782 9.252524230819448 6.909667685344315 7.0982447893734735 5.115417502221614 4.2692943611119185 6.179429940655401 6.1518189641479015 9.287545110247619 8.039201682430196 9.933347173777449 7.413994987287943 
8.39924944175633 9.240292595999337 0.6967050527034664 5.102323291056017 3.3701175496224107 2.718194423024975 3.2781924616760194 5.0832924477348325 7.572712704232899 6.168153375022611 4.292266207325938 6.189502687153303 6.895330534180092 5.47768257477053 2.1745517428713175 5.315870269255764 4.718069931723473 9.051881466610244 5.876585491984235 3.382569809264763 4.7981938058944555 2.377233321800807 7.2396059900081555 2.0342663441321034 7.4667322124241675 6.0922644269886135 9.533933962105275 7.809932557217442 2.1012071282455342 1.5240160179394437 4.078540928514066 8.79393067943646 4.193627256557997 7.238760421282237 8.848230788429346 5.333591392623988 8.717588232526689 1.2013896854605948 1.5719121862614605 4.87629401601317 6.37466510286647 8.247825559361125 7.193869242069932 6.8160149300394055 3.056251120315549 5.398155265512049 3.565645472250898 2.1702866421390543 1.549777824657895 1.4802157796826756 
3.1814136860045994 6.4667942220520445 6.3639815757430735 1.6857711984978447 3.2621874185854374 4.93783375647889 3.286689754013036 8.492513831560277 2.699781589883201 3.6985384842018814 4.6044314221517855 0.45199072875685575 2.496894756101872 7.102430743265801 7.286002014952317 2.335658758593197 8.801740551811264 3.7335128605254524 7.068171456434823 2.7450975958557637 3.309485536998311 6.200552710280002 2.3009490803391492 5.666394831852513 2.7123936498424954 3.0973351010035923 3.8012301725049724 2.3925807050586805 6.24283787846848 4.234479300810431 6.638050829916362 4.21048672807729 7.86705009930266 5.08399961114565 3.0940126576205933 0.5088058115203966 3.4903785444199253 4.63015921203636 6.319093303789133 6.7485564522133625 5.447356850182833 6.420521883467662 4.365667292123613 3.0948276976252624 3.2508667330137975 4.338332768724369 6.5253477229962105 5.114413571386106 6.97986626957568 4.40458641296965 
5.849340726196589 4.877679717643092 5.424699438395728 3.7166209293865533 4.044556298118707 5.31673158378589 4.000767021895478 5.9969890773055115 3.0413921002497486 1.6330323378715152 5.798456616299918 3.0747463216583517 2.2891197081028403 4.418291013392858 5.528664292363321 0.6747138934306043 6.457914743463986 6.353771994425298 4.365366571228085 3.3866597529719855 0.614325333479053 6.183299542610792 2.7962893288016732 5.6108823064891435 5.4080096466074234 1.3817935179863268 5.996003083085109 3.579101502298018 4.310778885902818 3.50397713852369 7.257457537230511 4.091017738222703 5.4878256089781985 3.020897994209584 5.102202722291471 2.7243726952503486 6.146804211021449 3.549529071541961 4.6112453123747255 7.674316748911747 2.9165219471729302 4.318488066054868 2.6521328039996304 5.6086931963661035 3.765090768909885 1.7087163874107782 6.953255987539203 5.198145106379258 5.455082558760211 3.911259359743192 
5.9481439998556915 9.271224500990803 3.105164376799758 2.7137895867135873 0.7512223343920035 0.9981456583845734 0.6951641434445189 7.459812233942142 6.4195861923301925 6.029682655327581 1.7254882510676628 4.2993861560835835 5.9318655681116175 7.168574267021793 4.922245059228486 4.7046758900077705 7.297908119806097 6.608550616015707 7.420277293609537 1.2272737447321114 4.801520692692419 2.261010032154203 6.027409542225791 1.7640756728256248 4.932041379014415 5.683034955930361 7.420655000836343 6.323121987265925 4.4650364877581 1.7750487286419812 2.881551612052548 7.8679258288682865 6.605873375595101 7.403014341830655 6.906381001740808 3.4518984608326404 6.251690858334729 2.3445423017135796 4.139200975270644 3.2847206676675893 7.009302117012086 8.658082465830216 7.032614381865866 4.119484929164965 0.7217754609742665 5.798902958930995 2.64763582749594 1.1941580139522174 4.333417248543669 1.440922892053289 
2.664815568152746 7.867720569854013 6.248621352065911 0.6751622369166044 2.6376963842316314 4.268304237991726 2.6986884293710736 9.230443204790378 4.012194506674474 5.039602816778272 3.5456279436264704 1.401579821854427 3.8874790580656207 8.094712064560444 7.558930164694962 3.614052420479106 9.405804060720605 3.316378299426516 8.127419583848116 2.372760966852753 4.4578080745742765 5.623640937925094 3.625547337446945 5.151392925267179 1.8049654106166404 4.4565162140993735 4.043567636485388 3.5173469349535984 6.671838567371667 4.25045325952973 5.725471908849661 5.509861345378991 8.521140922832021 6.450893941128889 3.61502091890658 1.140021927022099 2.9845228189985202 4.762666736579739 6.617353615928996 5.69476585564146 6.711590909872669 7.793089828692783 5.755404242899328 1.766962676809401 2.795490105502144 5.544355865296304 5.708581075828924 4.580965001254816 7.137537348971895 4.269610302881299 
5.662353054438157 3.043682223220716 9.103380147909606 5.676224464716445 6.983759943907746 8.550073432458664 6.978702561037258 8.896976309260559 1.3216459333024941 2.645496772762665 8.527722221960376 3.9297920273079208 1.6253517805016349 6.791411469114318 9.138784857230148 3.095919243886823 9.588936803540612 5.817152279509735 6.468581500562674 6.354514915266175 3.7892821866917163 9.62680597231261 1.7023067340579456 9.054999884778166 5.9124734567283035 2.414021432700028 4.473997304119054 2.09721163007195 7.891534113639821 7.094993005096399 10.406892698328907 0.41745621468357763 8.62705251285299 2.8926140310573505 3.60192406422049 4.442024870575445 5.826485954996329 7.217979770577473 8.258644133213455 10.632401569052616 4.121107870850335 3.767107469151788 2.09826575288084 6.778835413069376 6.841771101312666 3.8788081078046655 10.204852732306486 8.57001645827306 9.126055968281273 7.4505524500856595 
9.916449094833794 6.775754353995797 4.455766906806076 7.109523329973393 6.2240211400899605 6.420949269621573 6.133638455122863 1.7502930724928158 7.115253847745161 4.683914105714864 7.7411248475523635 7.172734031815693 6.3471950525738 1.569528681409228 2.8100737593010705 4.8935530713706274 2.265554565188577 10.47810959238477 2.063579459233462 5.815325915002884 3.808824408551938 6.385358005785326 6.952862487870872 5.986877330626599 9.28350960415017 5.03147966749737 10.252770501492893 7.791715984319341 1.9563699919838704 4.2491119094899545 8.051512360154234 7.743887027780647 1.2993022278983397 4.970430182679023 9.360405335648883 6.578262507094687 10.229981410445607 3.7158308852945248 2.57286340286844 8.801531088253842 3.670808307019816 5.436254379555252 5.403825681724225 9.123372255920641 5.827648626658888 3.45092485056942 7.5558547078416085 5.959651492427555 3.303436640407953 4.650527575139324 
6.2380672612642325 10.352185796957054 3.514175287542771 3.260939497805992 1.5370193124532503 0.706582279384764 1.5473713134544682 8.340653972849823 7.3322039107856165 7.117130529907944 0.9200537587732669 5.029141383249922 6.900207376943657 8.209402468121715 5.573313150570284 5.7611082882861675 8.085340220131856 6.886380476678181 8.482995229406837 2.1810713598175493 5.909046485885455 1.9442213612771257 6.933397433881787 1.6892522538997983 5.17408343970194 6.747250463182361 7.922431531036995 7.138058468595155 5.311548697599918 2.7561513212918904 1.8974101370102727 8.81080349002154 7.466947021796039 8.503181917547233 7.515534416200861 4.237905958728067 6.518176982982019 3.2738817465151504 4.902821877094406 2.1849498120375914 8.124271128698862 9.766596967763347 8.108943544972796 4.164506383123043 1.7337274494360069 6.913304701806703 1.8066146296152565 1.2696338155220641 4.922306653215461 2.3388168514593235 
3.6637630009050905 5.558603491865397 6.739460132302165 2.5902241142471 3.9897089133721537 5.629575086120284 3.9991969800211953 8.245135273305143 1.8310852677348732 2.9265493690916253 5.4503033493693875 1.025968983609783 1.5754608535377157 6.660460065022084 7.397839547811477 1.7295573911203832 8.653448222112974 4.122332446945645 6.5651365403949455 3.405812670049117 2.8168001714455655 6.825326217978086 1.4294293161775038 6.271144032015128 3.414158489628057 2.3060905791738593 3.7697854724702973 1.7391948682034988 6.269892714782602 4.605087369486811 7.409028317566747 3.3344677835768524 7.693866522598645 4.255148858649786 2.919575548730054 1.3496712676656606 3.944413528574669 4.91167721421074 6.435246573370388 7.575427538995207 4.7528023753146975 5.576812959047462 3.4983432261480147 3.958838044339922 3.9119915389871034 3.734268197256821 7.256344994451479 5.740513218800288 7.174006086800747 4.852535899046348 
5.654774762803974 7.062969270553483 3.7012788663102754 2.5780924819316366 1.9910816752324465 3.1311228641996607 1.9270273274937475 6.2235961668819755 4.609746310612673 3.8180752772686684 3.749864745548273 3.1868640821613727 3.9968936801882733 5.383527148690793 4.573916189011467 2.5718269412277293 6.348412522530716 6.278010104306483 5.536864364573485 1.3977151508378567 2.574926598697918 4.054156969529133 4.251878518689589 3.4797853986158698 4.86782788248369 3.5164680226513183 6.541609901077534 4.766849167460322 3.615696799208024 1.571041039581831 5.072467555792663 5.944518679557121 5.48018316818828 5.176838996872899 5.814614979917522 2.3709834524864872 5.977346887301054 1.8959241219904508 3.6125323254890596 5.511971276890213 4.819877812715584 6.432370890733308 4.835411898208221 4.57849704820514 1.6515535386807696 3.5943073282032962 4.770488789195681 3.0322603049653067 4.240672936376249 1.8680790330891597 
8.175975041314206 0.5690659540113289 9.403782932974137 7.4885471691201975 8.300250731027802 9.630953093000706 8.266741123405403 7.639150606096542 3.6991339992559924 2.6825012845418383 10.016187188616305 6.01660630913916 3.4853943573672836 5.362539151899535 8.80405523802543 4.044477779861525 8.504227136718145 8.395899404999042 4.90667433880925 7.636850574593179 4.007607615520339 10.453014529774784 3.960630945239366 9.886068412847775 8.270047515058272 3.053842352845887 7.118548094643914 4.624708938512127 7.575583969526613 7.723357442649238 11.571310977974337 2.8532710201190925 7.626217595302123 1.503766660441388 6.2351502976913284 6.25200806577467 8.370304008185286 7.639717466991629 8.087619254303325 11.968634152858455 2.725097255224953 1.3383617453209298 1.6770332535404917 8.963755727809088 8.051997913029364 3.3446085478895995 11.26467991117103 9.499112499968943 8.995642052564149 8.16204074510971 
7.636516012795649 12.46441588148446 4.5673386370032905 5.106007625038121 3.6266213437912147 2.3821907830813704 3.647704610841056 9.83622701626235 9.363863660394538 9.227808692354486 2.1342973307261746 6.943862908221256 8.971907843477853 10.030200069569808 6.773225847396302 7.872340341001251 9.413536960593706 8.24080075066658 10.352902692258041 4.283048727959291 8.004545778295695 2.4556219036618807 8.96254983713705 2.7210423956843517 6.570497194591821 8.859264974560938 9.53087245080821 9.091142716695742 6.841635657222076 4.625628466212593 0.75054702220761 10.858599363052345 8.946147153258487 10.607237430030633 9.257099566583587 6.215928612619825 7.873086263230097 5.04360288410549 6.324775549380959 0.1279349802864512 10.18170112373468 11.859395741712643 10.221423475733927 5.393952075824871 3.846124819149624 8.985791146937865 1.2813485216565081 2.7461328971169108 6.071252532849538 4.160729785884937 
3.327420905355682 6.9427138248687426 5.877155063347917 1.1163690088830338 2.6503391561916474 4.330257986309281 2.678774592232341 8.360533697748968 3.3004821184283357 4.029939484004307 3.9874896320797664 0.9478358657395514 3.036081696411545 7.119831289680249 6.935730347631014 2.591343776762742 8.601850054814658 3.9328469410266087 7.132131427346709 2.159910019900016 3.4358169899545983 5.609618619927849 2.899414493778977 5.083654442320613 2.6672535761028056 3.4593477974469087 4.241951778744143 3.0144725226983966 5.952527834859691 3.7708519459497882 6.015850576865807 4.809910930221709 7.689632146976793 5.453156818453129 3.6071400370995588 0.1360850397177799 3.647972219077084 4.210161537284731 5.974309587202864 6.128357054005045 5.683916196690725 6.797895336755876 4.78622023975646 2.7948247065611747 2.6602351910537103 4.5178083932798705 5.907682534525134 4.5261465316816665 6.584807987060488 3.8980146688197337 
