20
20
290.100115571704 834.613913593852 738.216849949273 749.2402993615698 355.96345489814047 857.7759601605474 696.6808154879902 554.6389196793583 756.7791451595904 677.3624184247941 434.1469107946053 615.9597434219166 520.6253357188585 421.9655913081634 619.8143764677732 569.4680315775023 760.8846654733609 830.0497067144474 833.971013104247 590.6973795137612 
6 56 42 41 11 65 37 24 54 37 16 30 18 17 34 23 45 58 57 28 
21 9 13 18 13 16 29 17 20 28 9 11 19 27 33 12 7 19 10 23 
3.592389235391011 1.6497024369281168 6.5418503979845335 2.754129590050126 6.803036120371379 7.644953378617906 3.994153788543946 0.9668826227263972 4.162204961430679 8.111063333282729 1.8937013451206317 2.7468451702871866 8.388793535590551 7.305213153167297 5.762393645223812 3.597064480738595 2.3712772058879055 8.805711009049402 6.3379269235891265 7.8584032447399865 
3.354940580295907 5.289626384996221 5.613579908571721 1.789636427312837 3.3982819765726364 6.544647733527741 2.269122110878232 2.703305360820032 4.373858747579841 4.83606714964893 5.540830815206604 1.1602709362534949 4.737556071755218 4.5352204367821765 3.871852357691968 4.023281424757052 4.776019186446922 5.154421375919245 5.176178989138953 4.696144698676995 
5.006564756186814 5.818733038878663 7.293532560152276 3.359639729092929 2.5724558217175297 8.196282979882191 3.964563422775499 3.5576562513454286 3.273795613095163 3.7817611860810585 6.171562912321242 2.646176375532812 4.6454907650502415 5.806525274451275 5.481501202840091 3.1102230226480354 4.584016686363466 5.039930820642919 3.534852425949105 3.518939197607867 
4.162288973025247 3.7623987956512526 6.955890587729899 2.5526412295071848 4.6085965470722945 7.994972308389553 3.6935447569027464 1.7285356372602765 2.671750810765042 5.8357741339443 4.124120695018304 1.9583011476089842 6.48225614334946 6.516589867946613 5.535909369489083 2.197437809599108 2.756926865338456 6.893203287799524 4.295216474115166 5.556982243794987 
2.8204291326547852 4.76368216207243 5.2842668166566575 1.1834154007949187 4.043168082227871 6.268004532192325 1.924405096615355 2.1505827551252317 4.447972083172916 5.479636258995919 4.986771363340101 0.5161937302368084 5.308700824883968 4.639154858646037 3.6926417633649034 4.033944108602972 4.484963804983123 5.72443797486775 5.533953379122643 5.333973674182201 
7.416214751608092 4.370534752852296 10.339657168474686 5.9722333712531 6.889607753618035 11.411649625518741 7.1887224159241985 4.454990004316657 1.4645625435088943 7.614015081047666 4.840271703015691 5.460721207853986 9.198783144495064 10.008458198891535 9.048260195923689 1.5162655595535597 2.0311485775925027 9.572848458283026 3.623366812326947 7.203806099157253 
3.3249810123774037 1.571255765726125 6.208294331997884 2.8195176380860816 7.268795712922134 7.309637644622077 3.965023974664539 1.3338919190961418 4.836775941334092 8.615257124157925 1.641688406507942 2.979965158556195 8.722289657339443 7.297242580167462 5.629903753769047 4.271897607719522 2.9239336271706002 9.138012427927118 7.007734863931331 8.382795340758138 
1.648026229987107 4.03932539334966 3.7778589652592034 2.7788663220215817 7.901727280364551 4.836238521936461 3.043084459016792 3.1191296431045283 7.180225570095531 9.363933344787007 3.8481559451726604 3.443617985594104 8.63248022147916 5.903519165562459 3.9333635152071347 6.626443145377533 5.630053316727709 9.018861267324112 9.01071901630046 9.25330791553954 
3.6421568982601515 8.46737688702783 2.0761932650331687 4.416581164957579 6.566402768268035 2.2328064943983863 3.1338674120823278 6.248721843768534 9.30879403788679 7.827659922563923 8.453288877542303 4.82106305263473 5.749798741495469 1.4933240559984753 1.2833198703729622 8.907810388957056 9.085159936729365 5.989266320350939 10.008803700440987 7.970300110692705 
8.214997647394402 7.948755693971368 10.473449486232491 6.546348981152939 3.4624703709693136 11.330081866071664 7.177294431028326 6.308898671190233 3.450205066882021 3.3819476698528406 8.387311708817833 5.824538502866611 5.8054848284449125 8.53996447668975 8.587398211370747 3.8071162316609186 5.959220293129581 6.0634716639303985 1.3207906836832326 2.9322903230005473 
3.061546804007094 3.0449278954632986 5.9822284330435025 1.690054350632547 5.440517478840103 7.060530215942702 2.9721597133714157 0.4973807146187671 3.8112730145341107 6.7870538544559045 3.2994012747111805 1.4342844083704693 6.982166578541378 6.156502209165452 4.83428026684022 3.2775355459853737 2.9804042614668633 7.399095065943095 5.604289697956957 6.561014344290992 
3.470070112092074 8.195951062661786 0.5063835424880969 4.88084125471106 8.286050770075908 0.5971927584657846 3.801792960054508 6.45734860299317 10.094805992833349 9.636736585735585 8.06649022291577 5.490346318053897 7.750972222503272 3.55965529662224 2.3136231286063116 9.62139825530732 9.328432201026374 8.013687052911276 11.204746062239748 9.727311741656399 
4.207426946491367 5.609834734791086 6.439395830421509 2.6025142228459845 2.7876584563626987 7.344134147214114 3.116479766326557 3.147711491781424 3.8579874791611912 4.163206791485746 5.915023224428375 1.9168965924553494 4.494794520867983 5.064487592325635 4.635605623509056 3.5933931219241995 4.721976645410794 4.9068561309035905 4.378944922255928 3.9754849290097183 
0.9117942237216269 4.803010300350372 3.540269039435264 0.8706695501666146 5.621423497949363 4.599258406837333 0.7844519790601406 2.5490156009552307 6.094090909385022 7.0892050764089865 4.8456515176800865 1.550631774761852 6.289794315539564 4.078513338714986 2.43501120683473 5.608050253745535 5.421322620582428 6.680681162820756 7.432067510263134 7.014288406721484 
7.851385817728448 9.824413564393893 9.055942670197336 6.570684837889637 1.488352467134653 9.603686441224703 6.447053174968448 7.42329669326663 6.634332521180026 0.6775276394952705 10.158355304735542 6.016738905480352 2.1080715650762865 6.084579353370607 7.030749145858283 6.715220949050652 8.526797778593483 2.2219300363363654 5.275765970482328 1.1065993158167804 
1.790007296206486 6.5824574237677105 1.18271932599486 3.245285598114518 7.224588034766217 2.276641219292524 2.2990801203904905 4.775608738304061 8.469569409391864 8.64915895904749 6.486206250000097 3.892772558471366 7.150857589601291 3.4922491015184014 1.5571764701961484 7.982693986431235 7.646869144021849 7.4749934127800675 9.713935041787328 8.674602526444216 
2.7606414298315975 2.1102518785593856 5.616638075126133 2.463667807062902 7.205603612905635 6.716824152149401 3.515343289295565 1.3873840369337866 5.242983454284507 8.592502949221254 2.0953192766096325 2.7548958173597686 8.511728404004703 6.834863755902924 5.108619463666926 4.6781163269765145 3.485424536907952 8.924587367463117 7.313272352882527 8.387822324956243 
5.804954924227376 4.469344465119803 8.574347860041957 4.182522514116677 4.730060731186259 9.598227507572135 5.265353857007138 3.1903228776938626 1.0769492200102042 5.643183950106401 4.9129062650972 3.548260214725026 6.964503545454617 7.829869369714393 7.064971321370445 0.7659508398452262 2.5749396024785334 7.3488778652995235 2.8576850773091507 5.2743851640494235 
4.374491280881117 1.9898366960030447 7.3410604828596915 3.2141251150923082 6.4212596385762435 8.437529119924594 4.500190524924661 1.3966570030985224 3.1545790712523174 7.631618298779131 2.395227768374375 2.9691351397216175 8.238917951848236 7.704443313698719 6.347125701208713 2.5922627333859345 1.487429813647244 8.653283531742996 5.411143839618592 7.33721318972726 
2.2944552089341568 3.5784269613426694 4.4190557501949845 3.1918865897923747 8.330142295977648 5.456023126239295 3.6380977716957403 3.133606492873337 7.14563456233087 9.781545449786254 3.3315348091098542 3.7969603211804976 9.190425408483495 6.585017172460894 4.621834024974698 6.583162447526324 5.378638598464553 9.583394964105917 9.11095839477152 9.64538245892161 
