20
40
1178.7771636585246 1486.4914289659491 1529.4621837769246 1273.1129923802432 1586.3895008246338 1447.9989781585998 1914.3235437915132 1841.7146953582587 1556.4722606388018 1701.4704234846768 1887.2649600495545 631.9456698850295 870.1792116380146 1881.8968735976603 1505.4904617731304 1920.001954698059 1931.3850147426647 1324.6891061915228 753.2017371847758 1458.8258246933851 
129 192 181 132 212 186 283 281 181 244 279 30 60 294 190 316 344 153 47 177 
12 25 32 33 19 19 34 14 30 23 8 18 5 33 9 29 10 11 16 21 23 32 19 26 26 8 16 13 11 26 21 12 23 6 6 23 12 29 32 19 
5.539375664796688 10.243097512586532 12.225553399709426 7.572692510301559 2.1054794154553194 4.865526124684203 4.269637872884704 9.63993596477117 8.27831092307944 8.471126303018401 1.7166173620985163 9.074162859181483 5.906682164434351 6.046233332533446 8.628331656343262 8.207342918130696 2.2026129317255143 6.443175970309235 9.254293407549136 0.5884893930210262 9.852634681376307 3.5907383703630122 10.221878855548184 5.612292096550638 9.593902187434116 9.19658019212758 5.00017054947982 3.3077841983376404 9.57081935007665 8.693768779216697 8.804584025391463 4.942552344170207 7.358009197200902 4.620866527655144 6.7197494597868515 4.517006200919577 10.009735298609963 5.5072937811386735 6.5589594049320885 6.80790848647996 
3.4646011546259228 9.326536636504448 11.333890217111591 7.494941263575699 4.860598011027719 7.116756363032586 2.9608315348997873 8.82731706008218 9.62260299742735 8.806978776346504 4.277949704547461 8.098925511415393 8.019026375017159 7.498133026814255 6.765764286924199 8.433877542644424 1.1329324929013325 3.397920458270498 6.651306147335683 3.7556647106724523 8.666985258787424 1.6979653438161393 8.68367007523309 5.439979280386201 9.722830332649867 8.955828829588853 4.847351225984825 1.6154650941317141 7.008059302339023 8.169649069947887 7.554409142635524 5.186235211501859 8.733787868600002 1.4545046409587266 4.009794872496407 4.005343828625088 8.485465953740382 6.715265379413485 5.471093015756465 7.282231099629609 
3.039422644323926 3.221460366124038 5.068893860307738 3.667686743051768 7.956200404834935 7.991397484205029 3.918893972259048 2.9635523282147673 7.533690075482821 5.063663850882348 7.549803089350703 2.175522334253367 8.173876677296107 6.641996641869147 0.6921983869711348 4.656076042217498 6.713045733044149 4.490416656523802 2.9740520438938054 8.151816216885686 2.343125281357044 4.97228149634049 2.1853204794532943 3.4882773766725936 5.227597890751465 4.043064271797424 3.7600639506333744 5.196801399232878 2.9839979458877606 3.0471063893197807 1.350398579395263 4.26758193455453 7.078349919127509 5.517792952821315 3.3579386452194155 3.775736055882692 1.985916949531554 5.935213794656252 1.819972347078946 4.705787277169188 
6.62928758945252 2.227412960969771 3.2136393772480565 2.137651296160146 8.490431360177231 6.975463267391444 6.575831114630406 1.8922532531207406 4.3876084058880185 1.7197810504311737 8.377141242506205 2.479869400578838 6.542545752559993 4.982675771325557 5.040205167318057 1.7050171558232796 9.227072778868138 8.680341940713339 7.436592493734183 9.429218407317686 2.9865564336831096 7.835622775926233 4.096595229284506 4.200407860672607 0.8792594251349282 0.583815749638822 4.835476204564462 7.93029323363955 7.361851267849364 1.5461059911306663 3.309950616233643 4.767821883934792 4.492866472115754 9.07539170639802 7.628858101734305 5.582949718036713 4.022113705173032 4.836579645651388 4.267497234078431 3.081420785893453 
1.4107257554313883 5.329140371273962 7.187304733567615 5.005855259212115 7.288903739552412 8.063566787229867 2.7799069985122067 5.015885190172993 8.583153325013477 6.517651762374793 6.78199983175206 4.215933878581276 8.505382414378365 7.186712524874298 2.151873599537612 6.088052703185086 5.158175641273237 2.3741940027129873 2.4048209446557625 7.094778201335678 4.463971867823409 3.42870644251879 4.170840824012463 3.8694854958349376 6.95322848710012 5.844120395138064 3.785236231615409 3.6987089455477835 2.6732610172374183 4.854655187181535 3.4407848450498735 4.401909657376652 7.947137628502584 3.5331543588046532 1.2532776864725181 3.318598651357079 3.995160017666083 6.365249849596867 2.418541933677278 5.667056167205791 
2.8397652167031326 5.275656099092215 6.898340008548357 5.7829177789107975 8.731342985744448 9.399089320189653 4.225752373610567 5.128409220936241 9.560617087707353 7.239515705569471 8.227270255864841 4.369008580929327 9.772687355100851 8.371545261506947 1.8120918365194505 6.820883675945476 6.499577500189709 2.9798182972713407 0.9841829933870829 8.529527115945498 4.315596522543504 4.808424128438368 3.6798766252148454 5.046462454009451 7.463737338385997 6.281621788821736 5.0708313903455515 5.085611014795287 1.2277853897093447 5.284781388066015 3.521296571868015 5.674161724325499 9.00722575997975 4.61199878172059 1.9665463914250945 4.703230216180946 3.5572269333204942 7.580786973677859 3.409593252978161 6.656971915904679 
7.569474346547031 1.5729184613219405 0.8309600825697039 4.1533182551426675 10.593790212629884 9.305583111647914 7.9308588312398935 2.0206016041050354 6.715272726076068 4.104051423338816 10.408203296036664 2.7680493223029417 8.917561837808147 7.337545221512127 4.981873627958879 4.0490948953903825 10.754902150588187 9.272500100488536 7.142059661586602 11.371820139990941 2.4707672018771984 9.172941038608593 3.2338222960819145 5.960594084251394 3.1272765842325474 2.62908485975271 6.5741326809367875 9.325816978613505 6.953183203980851 2.8811428804198647 3.4623397216989114 6.6747381279621285 6.8744203626492535 10.112841809892888 8.142576645626926 7.165690479845361 3.2904286668311924 7.1156253567448715 5.377479123166584 5.328868560575952 
2.993154134505769 6.340675804235064 7.950984705861263 6.684539048040272 8.93277744196795 9.890951341690698 4.42140274979929 6.18369554764488 10.37758109221513 8.169772529678985 8.394501232655543 5.416475080055127 10.354787734142326 9.037547549027838 2.8756993395137718 7.745288478626802 6.298561921988548 2.302950452518842 1.167131862339247 8.547440127084373 5.3810755462252775 4.727316737308682 4.722778971559508 5.714922836714216 8.460458393635125 7.291111436211325 5.636433985060895 5.01046178362024 1.541113369673106 6.290525890874489 4.5711206246643155 6.253768287039562 9.771143705765295 4.156148463601085 1.6001461383033913 5.131039877859597 4.608532571333982 8.218009192616526 4.18594026022638 7.4595217223791614 
3.091999005823779 3.0743540346978837 5.0928144755120535 2.1977630866097804 6.769654495288907 6.504568943189862 3.367083423620874 2.5554246752185437 6.001670755167127 3.6792859212393965 6.431958356055073 1.8497558045148066 6.62951970926869 5.078537459394771 2.2624995762304403 3.2539080876402693 6.2163184977239485 5.106755051115965 4.444849704892577 7.194306876933577 2.5674171784505413 4.599025703056768 3.050862961189415 2.0506151841771443 4.0793800309777675 3.002711631335284 2.4655593339385273 4.75958178867929 4.5036363585337424 2.047320291243648 1.5394946504126152 2.870694011287464 5.51484142992074 5.604569425308278 4.074083463731897 2.769204912913357 2.842050224865667 4.392924385512952 0.8022865571246003 3.141421414416966 
4.233909073614229 9.85199234647343 11.870498491526487 7.727540471489784 4.097954364879656 6.578054483323939 3.4120558434155024 9.314795650406861 9.42861922390632 8.93077283662238 3.544739450483385 8.626659274918751 7.543099756791954 7.233039452742446 7.543974155647147 8.586652993538195 0.607777572700942 4.4555396950217725 7.631319540700034 2.8277062082083733 9.266639860993518 2.2376499459984567 9.388674976890695 5.642696939022408 9.926100828914073 9.266092117972264 5.015916498876995 2.0318862648192244 7.980469272768424 8.557359937005318 8.158859302859906 5.2387523423948235 8.516718222393294 2.520696809599485 4.993472143873245 4.246358214116807 9.18432956216463 6.51029934380425 5.979020159731494 7.331260639575785 
5.495291649935225 5.498121239342141 7.119658058166969 2.3241973983380366 4.614011017015246 2.9952219930152566 4.581806482172525 4.873948215505984 2.6046942906270196 2.454337806169977 4.622082754791453 4.752122967181245 2.8081633823908225 1.1868685173448041 6.173005159182114 2.331158753748982 6.391023812588524 7.736274314433571 8.221638330984057 5.782918995290853 5.657526824179423 5.589356448396812 6.566896737505029 2.3003218116773336 3.6384650297479832 3.6939338604649326 2.5659229993620563 5.543635072845065 8.33461836735059 3.74074812814089 5.080815199118282 2.014601603192594 1.8198150854520512 7.230151980012229 7.035876081223646 3.3810554058394686 6.388387291908258 0.8087340697332308 3.8759815263876196 1.0144113873569336 
4.922280232328689 1.8646954244512968 3.3448242257343237 3.9786251903030374 9.44225958451386 9.02970049321795 5.71880250762381 1.9902321290593072 7.7485427290470525 4.998205688849092 9.096021945171778 1.5620930877434862 9.011463318935078 7.390664962372261 1.8243401965936978 4.673653876658403 8.553151029841294 6.247442021720435 3.8982109530418283 9.813352803489977 0.9143789430304916 6.827086611372724 0.37913695341266174 4.697526571972284 4.721608869045291 3.5510741995162003 5.138741045076953 7.040862736991783 3.7254604295218297 2.7648116249237282 1.1656867464783287 5.522872607575097 7.505525899456163 7.393682793761116 5.111722291319644 5.375343539653031 0.18229878499866878 6.8275049162797 3.3152125595535815 5.260532762508267 
2.3578637022174513 4.084199836185275 5.916876541305649 4.225807120266772 7.739028566237848 8.075241010375642 3.445992971244087 3.8141070362113547 8.01249728967804 5.689384187347275 7.288313735128018 3.01969771931385 8.36495831932626 6.906473548030868 0.9568001270552635 5.2686324339258475 6.126853235400746 3.6323931495773856 2.441743316727815 7.7780812690201016 3.198435948589581 4.372381663810966 2.9210291310669416 3.6165103406821393 5.964767596763682 4.8035573578037285 3.746221079034865 4.617641251985562 2.5483710644479367 3.802182320853309 2.208700968560037 4.317572047852995 7.480236092802222 4.746170259294176 2.4978018032234828 3.5626983424628618 2.7379881007116547 6.143491222121138 1.9230128364714902 5.118659081036077 
5.116715282534148 9.71231938531813 11.692601029563399 7.038547483388802 1.8477591386377497 4.524387003948966 3.8070858565008643 9.107746416120339 7.828422512234798 7.949491837858536 1.359707668558881 8.546713726093246 5.5499576709846545 5.59185832749983 8.151163211098776 7.681105189526037 2.0443889239563378 6.160619975269417 8.857555790370304 0.6116850586011656 9.330565399091995 3.2272128396263753 9.715538208868931 5.077315924127359 9.067446910993832 8.662045225836767 4.466308167541671 2.945010826642375 9.166158765866687 8.158738646355893 8.287991104497545 4.407848716121078 6.9058918264489275 4.40594510105612 6.362937947895082 3.996857573199769 9.50322739933383 5.022800359647343 6.045434746121523 6.2861747336864084 
5.03039096189314 2.3716968581669136 3.619624142277027 4.542512341358681 9.831916051427438 9.529605143176155 5.946346763799114 2.5600135874163668 8.330845504933226 5.584560475990189 9.463284539961824 2.146506416358541 9.543020160177884 7.929363304766311 1.7616721170437692 5.25763943436419 8.742144363751533 6.15505184559083 3.535924845975727 10.131711198792164 1.4681298424125786 6.997835219481684 0.4057301990281689 5.139702661792937 5.29930154159868 4.134476577678657 5.543272778595446 7.225715189721534 3.3236843845358583 3.3502843936259517 1.6653319730430651 5.9620597435675196 8.075844718932391 7.432804943275698 5.0316947266859415 5.709116147846553 0.43034774549934596 7.344201166930404 3.660379415010095 5.811557835025846 
6.768175061541951 3.923764529467019 5.02391413327564 1.9178960999886576 7.243699459860284 5.372707561072292 6.323946243658098 3.442329645566315 2.574279021740276 0.4015633306555919 7.234388724555138 3.764787807656371 4.8217137187885815 3.3532962641579585 6.058467113435833 0.8315425217855966 8.652292795145263 8.984139020690115 8.420899374906712 8.373480237925232 4.500064414125767 7.519776188136307 5.595689158397938 3.744517032955281 1.1176236147252476 1.8379793902145793 4.314558156518996 7.550254258057381 8.417509271594136 2.5665384738024173 4.461347436841407 4.020925628890052 2.688785823160437 8.984291134656015 8.049671557776096 5.169581502886894 5.478427946039261 3.4143600658182742 4.530891445624346 1.945312946746284 
0.8469665891870227 6.632043454725426 8.560546373285632 5.705099675368515 6.431333072600999 7.690125325664418 2.030639848901041 6.243034717551165 8.89140087788588 7.20590471248817 5.8765058665053775 5.4530037496261885 8.297810987538169 7.190614062973846 3.6449922154428367 6.781427370669039 3.792175690687673 1.4142085624564629 3.5275258482817784 5.982350932263442 5.831021868675892 2.163023285738245 5.643467908825147 4.08626236958753 7.832912006854636 6.822067232803812 3.7684258755094255 2.4461536432278286 3.8638512404666137 5.880942428170418 4.753430934696137 4.360318833903928 8.147156500663453 2.0289548452534465 0.9908494427171167 3.035764142682459 5.459663060523318 6.337513723291951 3.148009413218106 6.060994007697951 
7.154773755902896 1.243470465300497 1.3230573921000075 3.627433963290673 10.068878839592056 8.78962007391747 7.463740461486511 1.5788968147635156 6.2733682555568695 3.616595378285259 9.88586537274006 2.3596406494410553 8.416047939791689 6.82840336099412 4.7090673044944245 3.542722180327118 10.275214726470523 8.921281933614399 6.946397646270088 10.854857222112598 2.2066379621765835 8.71208701512834 3.1017783241908865 5.448384893974607 2.692172784140443 2.111821149562042 6.0652786567234 8.858369648558517 6.780854017944921 2.366957240504014 3.109313627915026 6.155484813496781 6.397226857127282 9.695044429804499 7.798582047562985 6.671766299388988 3.125363888233394 6.594491858709224 4.923161849020562 4.807065179125988 
3.768582025614071 3.2487225355164955 5.196803851237294 1.136227029320442 6.202854011511115 5.561968083486181 3.6078575325564204 2.624868941499121 4.852044841430035 2.6526351863244106 5.948100802895796 2.187525313060457 5.5864917556662 3.996862066373759 3.3968725727738507 2.222884605973489 6.309350559498878 5.946305122866634 5.592586455907558 6.852443339211637 3.0782696330897847 4.868816364299972 3.8414038149111693 1.4329648953977567 3.2676934414124053 2.3903175385813453 2.0341693796822145 4.970535198181224 5.655772075655703 1.6759080345325614 2.310553550900237 2.2077865605727873 4.3667345011031475 6.134496597947225 4.995729782853475 2.666136537832706 3.6488342453368734 3.3726968929609575 1.476871764157215 1.9939816716178909 
5.903067826180967 9.408899607834826 11.294490227298194 6.424185944283645 0.050623416512744525 2.805801008211409 4.475993359753619 8.775667811710328 6.394469155995962 7.032570260649421 0.542712907342105 8.343392257525514 3.855465245963176 4.211685365184818 8.504228226690081 6.842170323051424 3.6970514817852673 7.402528641153257 9.643698304180358 1.5066772937697008 9.204815937254576 4.376368398316962 9.78068874009033 4.766428107485423 8.205635446141606 8.027144971644866 4.267552757300011 4.123618550892094 9.9107919685796 7.718029026327862 8.264286266215782 3.9631191960082206 5.492047458698294 5.856541478493123 7.368774144336564 4.14756365461686 9.570692735956845 3.8384245049472483 6.139102461133551 5.414643481354098 
