50
50
1438.1524657565365 789.3272152885667 1133.0509931721854 1388.5835720812042 1257.5865324520375 1059.2526286770649 960.6119878851079 564.7963683648551 1093.2825157173295 1199.7282013403699 420.4866897561185 412.1466098290454 727.495874069482 1445.7449236015939 1296.4378458416681 1094.5116792737329 812.979515376621 1182.1994703678624 1438.7766634147333 562.0525634389192 1204.1522559420112 1219.5309622541786 701.951257552764 1194.1660614977086 604.0788349019789 911.0549232541117 862.6902786644098 945.851867794429 498.3010383640583 1046.5620055341878 1349.9132355143402 1279.4483572579857 1169.452418643964 414.6441537133572 1054.995220212114 1034.8433970581318 1437.0273173913565 1173.6604596597665 977.4047140535203 1136.62944044453 523.9334451085855 1240.9411883186413 1436.117444119914 1076.9783593419486 762.952232026965 1093.85904833783 1410.6357494803417 502.4832701118404 1291.0946893333098 748.4280330220732 
166 54 116 164 144 101 79 25 115 129 11 15 49 175 150 110 54 123 169 23 120 110 42 113 27 72 62 75 22 93 155 137 115 13 92 87 177 113 80 105 17 143 181 84 46 104 156 18 153 44 
34 28 25 21 22 17 26 21 28 9 14 5 10 7 5 30 15 26 9 13 28 30 12 19 9 22 20 15 20 5 33 31 7 6 5 8 32 17 19 29 22 27 23 15 34 6 33 35 18 6 
2.4231626262214543 1.7886678616966047 4.260581636398552 3.5222820433953754 6.099064909631481 7.050253901934747 7.002541066324325 8.024195601087243 4.2562817940703015 6.8924692621305494 3.4964046753199485 3.869465274171986 3.6481749428265218 6.124704307843812 1.9890294431118902 1.5642352887140722 2.99858925570629 2.5114764838549117 3.3887437685795527 5.841624840624556 5.379758822534198 2.35401898256057 3.959443392963602 3.3159842103917603 5.390422521085835 4.588321189582759 8.385806648762351 5.631071724681004 4.83969930915293 3.767299439703706 7.416849947151951 3.626871222097936 2.0200189778387716 6.5474433306008795 7.04435490402199 6.82352278102006 3.4679294107772893 5.238834671627801 5.719941365809815 0.3852436946095458 8.453893769260802 4.888104892220305 2.670994218777349 5.763755154357567 3.915010595688509 6.546989263322068 6.7688158091480926 3.9145829450773597 3.1912441585330393 5.856323104234877 
3.7104288999861526 0.5646887205483698 6.220769664004365 5.125752527727409 5.818714241870162 7.779295057087136 9.003042959069752 8.724797090629504 6.20520027863158 8.792102214464649 4.204207664343843 5.622605919238538 4.556987475018258 6.072744296641682 3.9677675913556514 2.9236219488736648 2.5450640930437496 1.6824441851599803 4.44702668624056 4.585093969300177 7.124123351665913 3.222961435173246 5.419738970650427 4.748128493841585 7.342865577505391 5.761347458670754 9.137860695193968 6.723764008635188 6.252571295536117 5.089781038110086 9.033454871740075 5.613407494554456 0.29447079427793704 7.6724618682618475 8.035515340139263 8.095782945316033 3.6356379527150837 6.2063092930642725 6.763322269428879 1.9068412418146494 10.43989737837789 4.659190892596232 0.8139031735642595 4.983966322204773 4.473022272073628 7.04005502852382 6.867068779165742 5.904590614413879 1.3649049190922191 6.486807852959698 
6.618627971477666 7.017062327035092 2.2654384577700633 6.172500352952533 7.07411587262261 4.732485370727386 3.7479483295534455 5.366443841694279 4.433622990444953 1.8655187493388659 4.3910255654165855 1.8661925445309069 3.895771425729287 6.531889846284348 4.591419618494697 6.311608507329062 6.411675824557217 6.790991059979968 3.6733485530927905 9.050636027768551 0.3534438114931716 4.617831913237875 2.32482574149492 6.598722744299408 1.8958992492485849 2.8558624882027988 5.433053297065832 3.032192875241568 1.9400190537024475 2.8187535618277364 1.8300848184049558 3.9397966935409663 7.6031560279673736 3.1357422270468334 3.842067633544317 2.6822314036625117 5.450362273839909 3.4364961368720683 3.219001428834478 5.648755297024621 4.173052079659347 6.44905187079929 7.836986212442381 8.009533005579144 4.627873854336361 5.236877712773056 6.453265128812569 2.842855168779061 8.178504612235644 4.583273664471053 
4.558662238774554 5.729681955641693 0.2500526058584545 4.027337210705108 7.39825425023653 6.059301133673881 3.1957110808765514 6.874489365506148 2.3914635231287082 2.767420134261442 4.250129550226224 1.2972160632718863 3.874459088091547 7.014575276002142 2.6012814050070214 4.369148877733325 5.739736744621262 5.849684715307282 3.5123772412780214 8.68700222871376 1.8685545672788209 3.917109107444763 2.455868381089068 4.462474539661042 1.2582171157916027 3.477466172411938 7.046530098127697 4.198958830858483 2.8427250104983965 2.8664659374125017 3.9655657249714387 1.8075945803704534 6.150590499034864 4.701168735619433 5.412799744108198 4.490757700230913 5.147632472562514 4.31278345543922 4.383368575567229 4.180850418274878 4.411913400754598 6.482349370307057 6.6160879745863586 7.941289989529058 4.650969008518845 6.230512047853778 7.199909642525647 0.7156279230135586 7.052579927227497 5.467846148995133 
7.157072087484098 8.978405538540333 3.1006181763893452 6.078887049614537 10.140246328804936 7.851799618094358 1.0623098935299036 8.403032003620028 3.9635112150116445 1.4196254635541548 7.212320727379385 4.183156445888216 6.759378875446949 9.636651681851824 5.542207849331967 7.238467268802879 8.942112125601167 9.103558732112564 6.456009837639666 11.815961915721964 3.288457659260147 7.097692387915409 5.154868179323538 6.666556742111501 2.0177084378711916 5.923585253090275 8.404068622286447 6.190999972578048 5.034021264604636 5.655242630454216 3.886388534515458 4.064373117888303 9.353729909230829 6.218318644756668 6.8936531119838875 5.646200604382734 8.209849927281118 6.577861731356275 6.377562621730793 7.408926287735031 1.153861294886323 9.398170200281246 9.869433270613564 10.92927410228887 7.5368687173318225 8.395548462231323 9.603251310010759 3.4272178967139713 10.313150488059506 7.736866901857759 
2.605176290126372 3.9214397609355816 2.1703958830912535 2.6207101275430795 6.9956695231728725 6.770971546483099 4.820346587705449 7.704226836523907 2.2877272178484653 4.872127731262935 3.846967055048567 2.3607752958222243 3.699397361963789 6.802066074669365 0.5605210452862637 2.2773006702434397 4.51809060748058 4.3504336572533795 3.317797777034415 7.538121558341143 3.7107929932587873 2.995687270098651 3.054182210447843 2.831979895372765 3.294247126554246 4.0281296345436015 7.979120537101236 5.022501865037841 3.8460574709850546 3.159983869035764 5.857642872855575 1.5417584046500146 4.196446993554284 5.791219875330831 6.427991069214848 5.8308895801082885 4.388151764196515 4.86181768400961 5.169677432484821 2.3261103667698237 6.2854413140927505 5.880752944096489 4.818516616502587 7.114845008037466 4.320181571792384 6.598598819468345 7.23155238168413 1.7522157194011803 5.313098609735802 5.824460283074682 
2.287838394922646 1.6018456986458816 5.360685434990337 3.7237390497116514 6.756647890486622 8.133195047780525 7.951670509530096 9.10412259838026 4.978700189382563 8.037542377262156 4.522371017640995 5.0931020245740655 4.74680629306843 6.8917755832825875 2.8569064740015406 1.5242603596897109 3.4720229384689967 2.7356149409230524 4.527418813139825 5.924845648658238 6.599034975221687 3.3952335123963784 5.18800126521927 3.327437685914763 6.490815991812524 5.772302830927804 9.483509268796778 6.804693464378252 6.06634233854654 4.974441462683411 8.65028604194824 4.473998819706518 1.2616012665179208 7.733329795559784 8.201670266068607 8.037512911517167 4.271410573273337 6.377475142168886 6.8823363297131905 1.443446780217692 9.471181394767989 5.549488177740178 2.2361701381467323 6.148444421870413 4.896251077501048 7.54514260952325 7.6108493968695 4.95461043387681 2.78788031456447 6.89634875085639 
10.43422344020403 8.440805269768694 7.535956798322388 10.7268958239137 4.294788158942872 1.3444089838473394 9.537708968816586 0.4380430054596079 9.642577612881645 7.415097203153325 4.907681645632521 6.1130094448054475 4.724447947914003 3.6275502838834273 8.608061017745527 9.736884936257123 6.597034371364003 7.445507329522597 5.016420061178781 7.3427779135654365 5.825148667211031 6.03983964893605 5.097686130135097 10.91490454356364 7.635781694296755 4.082152517391268 0.5580984228335081 3.1415957095176683 4.477292582170122 4.9510849407009925 5.1538987637357145 8.924110860770583 9.270357465179181 2.673939084335237 1.9599768916249931 3.1823812799047255 5.379890969667923 3.253504656312092 2.9719038991064908 8.044635242137376 9.658829475235919 4.841481142925398 8.810837359380098 5.872008827924188 4.556317806815911 1.9882093690104221 2.8146804580858498 7.9670829047015275 8.791969727675596 2.536415945166635 
7.96438930484568 9.153812011474665 3.492970913059736 7.098025736847702 9.44747277880937 6.74831657294259 2.6115127121750623 7.181405362847673 5.021128367330411 0.7861624077928777 6.798157622959765 4.0160570231637145 6.306535035202633 8.877188730513843 6.120388149814362 7.8851216278321115 8.763044401677469 9.07179011710193 6.069520024952335 11.460275489542314 2.6868490317811173 6.935708102450645 4.716928016632232 7.643541635483229 2.405608204428618 5.2545981457551125 7.126421081138038 5.272177481957685 4.338030145092253 5.218560783968408 2.4749677398297556 4.896564415320912 9.647914780530536 5.10005319982307 5.719155645668531 4.441694399622005 7.851821814090244 5.759146526871205 5.44479123088636 7.6666422574414845 2.0860773227008638 8.860881969329084 10.014092995759354 10.422678036083022 7.042926832111554 7.4305045911367 8.717194129253485 3.992615369371716 10.401449007898343 6.85118714272657 
0.12263733707384879 3.884228927103136 4.434881276402323 1.4111141881979716 8.524805342996748 9.053066488052888 6.382391868924655 10.014081652746093 3.1717818198841745 7.082179392959333 5.71493107113567 4.886206934275343 5.739753157231013 8.507397446046241 1.9651869312020165 0.9139377993450544 5.437224464325137 4.870584923155137 5.405460305310401 8.178295473425312 6.202850425350968 4.619814132912635 5.486960542014035 0.9587623316348122 5.451991301122275 6.373921450678245 10.327003357013142 7.409049172883421 6.322656268211141 5.492107338453409 8.352645297531817 2.987129936058453 3.6248585050073507 8.235483326237489 8.836751598554734 8.329603916312617 5.867352371662981 7.154584998792842 7.537929038299129 2.8299551283360636 8.016374916493714 7.319190646381476 4.600374203677539 8.201455842014333 6.171096133695928 8.712741411478506 9.097660379050529 3.8829016116402615 5.153476438796075 7.971576814271843 
7.475671467686204 8.553458561459117 2.9618457221034973 6.681191768822784 8.882227375117797 6.291563963381525 2.614566829972854 6.780240048320607 4.6438701008314585 0.3543458515744272 6.193628426942314 3.4058084445391037 5.704113130586988 8.323848219427457 5.589405687324488 7.357867190714735 8.15037518788987 8.460260192963165 5.462009113682519 10.85598915577986 2.081108871266089 6.322818221783151 4.109653036774629 7.208005512108625 1.9246227952006578 4.6744707597465975 6.7563204422257055 4.746354444982551 3.757460034698722 4.61250404338986 2.199281162279057 4.444855388820538 9.058194921423542 4.643388815487563 5.290529308301646 4.022709684960577 7.244934184687137 5.210035202469193 4.923830896802971 7.0769624039713825 2.4742715510586812 8.271441632162665 9.410472146274154 9.831454655454726 6.445697807690973 6.926335943514977 8.193309020952029 3.48780206799636 9.794047113028176 6.322578233750614 
8.377940894666331 6.374777047316257 5.897064499569062 8.763494835688453 3.0566716094773794 0.8485334388649464 8.29284936108669 1.788433431782461 7.872029469653655 6.4195886071332 2.8064572366215677 4.377942794062301 2.632356880879158 2.3656486691259735 6.616844652201603 7.659250076849023 4.609421975923431 5.430155328752843 2.9430019188844803 5.8916432425465315 4.5093531387996535 3.937557706961496 3.258700154471523 8.909539285469771 6.233648640225766 2.203770143064157 2.2001236485953104 1.5705505504503716 2.8606685198835162 3.0055289681711796 4.639457874831733 7.113012968583296 7.200155414252203 1.8244342853396598 1.5678188160136972 2.578490435305784 3.353165710046171 1.3463130941773296 1.3821998718763835 5.943317187940316 8.740117345489079 3.1404403603082978 6.798155533433325 4.487150625927843 2.4703794363975713 0.638614039271638 1.9565961139825119 6.24849333574267 6.827830235930135 0.45587928839435743 
3.2419016814165866 5.587220514925248 1.652280730093183 2.338883661205945 8.496623445427897 7.697614288292101 3.3311273296448536 8.560602501163604 0.6782533955228615 4.03747517107958 5.291282626270153 2.8761038488414403 5.038300495884755 8.2243369118079 1.8270966338106456 3.364036420542431 6.216606734831732 6.067062945829141 4.648535182525821 9.239903144561563 3.6630440654136454 4.599089473493726 3.9424023004869775 2.859695671257855 2.430982134953458 4.99699525943916 8.764694809157213 5.84876729293747 4.517705592254844 4.231881708051819 5.704352254640872 0.18137139871590469 5.7700031238155365 6.44122387151865 7.140716533367439 6.279787750059118 5.976441325830963 5.857470239323691 6.023558787615659 4.005124001160586 4.924173545423848 7.4404850473859945 6.477333527272516 8.75223807073493 5.74855363707841 7.730940182091979 8.547517841259259 1.089671502533296 6.988174092483107 6.9515223673645625 
6.502891761387845 3.4709615139135632 6.040250183407735 7.3935423577064725 2.0094070538875632 4.102324901974143 8.971285512221828 4.963736060726044 7.323168914932189 7.7605641450553815 1.599634455453861 4.648014320022046 2.073008835045524 2.0961733694464497 5.344021413654435 5.653704663392206 1.4714412113581454 2.3452707928061916 2.3552310560106497 3.097790861538519 5.695812916273361 2.097306031644581 3.682641438518682 7.317461900788972 6.872767397328563 3.2152120231965515 5.407624270103581 3.742840438384332 4.091922667066115 3.1762037434698094 6.878636733834048 6.527870853856616 4.291793594417419 4.586674759951233 4.6816911490579844 5.233360327802259 0.7049494250060728 3.112463283998807 3.682430302920587 3.706154460048643 9.941230661287303 0.8085810022251794 3.680027467243449 2.13778779878726 1.3455295797446771 3.1863185156078844 2.8639592330615873 6.099014942515452 3.621299969303862 2.821801811980093 
3.4330809259897492 1.2098846662048877 4.701370129589525 4.529140097995383 5.126193590047655 6.40616484811387 7.590033420284752 7.373781958229544 5.076350734538767 7.1882948689034265 2.7862191783446217 3.9723867800987307 3.0495980715189175 5.198066248836395 2.8125317724711945 2.566432112227544 1.9779150350747101 1.544303735158894 2.875944197403888 4.85437501224997 5.465390454875319 1.6837712924511554 3.7590746442430905 4.336660394058919 5.800175740119076 4.171262813449702 7.761559116533986 5.172126931246263 4.603485078583696 3.450703067895258 7.365488311386077 4.3794289601616185 1.834053492807136 6.115676584808703 6.535932903697304 6.490911862464336 2.5496510754850648 4.700940083334948 5.231623553388501 0.653707240320701 8.944651835294712 3.9120598045187087 2.076808209230493 4.743208247973033 3.14814149489852 5.796134738160841 5.88684181180536 4.459486790163853 2.5143282884793194 5.155552764284225 
7.893597155848168 9.911283799200643 4.045469005851902 6.711227978197341 11.109871833444016 8.720613551932662 1.41268397945188 9.222838330346137 4.625194619275738 2.257205134267201 8.198955284611026 5.170353432030433 7.744285931256377 10.596376920938734 6.393913298104068 8.045001809792108 9.922743806717754 10.069588950011298 7.4428433737075945 12.80301872820539 4.241991547713545 8.079756402591004 6.137826363540064 7.3160632960785605 2.9910739080529125 6.887580821864699 9.194278943304305 7.109602655879545 5.989995099968183 6.639329846544807 4.575468177620927 4.846808626037838 10.258520117791225 7.0758056451922515 7.7311321432428395 6.465186253320299 9.197415434204876 7.520054534173768 7.293527182315883 8.331629703011794 0.2508873476308978 10.381142636790354 10.805515731445174 11.914633121287322 8.52063705340807 9.309691024898326 10.53923450061879 4.324669290439867 11.258480025618457 8.668829512968513 
3.814503149560846 2.2901581968309874 3.849139295937918 4.588856307698258 4.788801212933494 5.481863821311822 6.810881576671372 6.455704696501028 4.6459095284959595 6.19447356000962 1.9402586602826593 2.92584078637732 2.079878215508962 4.71280687771191 2.546588154879346 3.0191446105628117 2.1775318970528317 2.189659467991106 1.839231612205139 5.200085192254603 4.392153336970603 0.8135634993690875 2.6412102641557307 4.54557081935865 4.897166898033541 3.0952287443675615 6.82103811661346 4.119021327543208 3.487440683814167 2.3412297769004202 6.253459008118941 3.877656949907702 2.9519593740293204 5.053106924286754 5.5127858227359985 5.395321209421725 2.119006698005627 3.6909912923395294 4.193774161192701 1.2566010123032676 8.067008960329966 3.6156493711124584 3.1012570932315175 4.76279029638931 2.377954910838464 4.9871281761287936 5.289919272902647 3.7105727058655873 3.4671141138595907 4.288017264429561 
8.041106365166314 5.580035607669998 6.232322768666627 8.625056974269011 1.915147659832051 1.9426957286573774 8.868716670835846 2.737905503002698 8.016054335438257 7.17984152072637 2.3112510156465174 4.68633880162399 2.36061668255692 1.2617145613310379 6.466528870635959 7.259339405033062 3.675077749541508 4.5344601541730665 2.742360381415063 4.706570779117874 5.160943443156287 3.4295795612164937 3.5282208160227633 8.68964133623847 6.753540334121469 2.562131913557852 3.1878046335046886 2.3873258523637353 3.417839921448153 3.135277445896483 5.646257653717416 7.226201662663075 6.41210487964165 2.9173592597249116 2.7504165888144576 3.662926499812828 2.5012499081753514 1.8838910594205336 2.2342126040514603 5.412834146442069 9.490955386394653 1.982731092916962 5.893253982991679 3.3013979256036126 1.8624885620250753 0.9492823355975584 1.2186371966557468 6.491654216254922 5.859254461061896 0.8644298341943563 
8.622353114461022 6.238602831801638 6.5526812071976845 9.147037635175888 2.2445572780581724 1.439446389768284 9.069589279469678 2.1272378172813786 8.429220645527403 7.262158426062739 2.9016721879046243 5.010270160657607 2.882702129993351 1.5403428057874011 6.986610301008442 7.855510498004737 4.3333782789145445 5.194103294555998 3.2482201854217507 5.19710931050545 5.305880142179442 4.036667342865629 3.8576386251574935 9.238081628798456 6.980828271130424 2.82958634755734 2.5820085553316074 2.3997466676275594 3.601660889694474 3.520117235575944 5.5324693920098875 7.649924040798099 7.070720205260546 2.716581237516957 2.398805287512976 3.470048196051158 3.159578388119517 2.033219809239109 2.2203188770532796 6.034467803039568 9.583087061546127 2.566226142231702 6.551812263772932 3.7521498805624236 2.4736698411965485 0.36105844169637497 1.0648661560804533 6.856235568264837 6.511100270032769 0.852560812522676 
4.43213783495817 1.2592354193527178 7.084599461333236 5.894299341424255 5.9239871025953015 8.243435187342826 9.875363313978564 9.164680482491852 7.0611124539900425 9.6369464261806 4.761129686277321 6.437700995584535 5.1609787239455525 6.269021832947567 4.834577908454847 3.696720228293416 2.8228639484298585 1.9686086116660837 5.0989412698070815 4.236391026326947 7.928550236699929 3.8834074213371714 6.160291744563469 5.476973447230195 8.203841339026535 6.412642160958674 9.592087610383214 7.332265995265665 6.9681126926746675 5.798328336522634 9.790473787901949 6.480678635065992 0.9182960032824627 8.278352394234858 8.590535683811574 8.746584548113947 4.043765452505537 6.782922261692843 7.3548174293921065 2.7702130312616347 11.308758589796513 4.838410399785157 0.6045158255604527 4.883567832591664 4.967821060567944 7.4294381495094015 7.103675349901169 6.775163552867301 0.8773637571361677 6.9398393783467345 
3.3166730088373657 3.073233306401923 2.837196712697654 3.783239782985508 5.676662844730531 5.775169038269533 5.767418241673678 6.737254304402321 3.589027635233708 5.326006265217156 2.5722649511410056 2.1913624311449817 2.5014026955134354 5.509796505916054 1.635372503623379 2.6692516497158807 3.258065168339158 3.2204612330897637 2.1456111270699503 6.279693791831042 3.704221904752079 1.6656767951603435 2.3402435713593306 3.8547595063892794 3.926509157988714 3.1207047645802226 7.056073795142695 4.167352595424536 3.2192413496198524 2.246932408159107 5.729594598180546 2.809663765833623 3.569652379626265 5.036345423667022 5.599009298567761 5.232065265232954 3.058133606535936 3.879726973217168 4.284645029241586 1.5956223044491067 7.078958063530277 4.552101228686148 3.9514368857963245 5.794095020019256 3.046253865130455 5.466681378107183 5.985325953284061 2.6480730252913687 4.381886528126303 4.71179333464794 
5.363030101920481 6.935489388616776 1.0579809018000597 4.523904847148285 8.46410157159659 6.72388711772142 2.008094279251344 7.445057699960209 2.5123999220524245 1.845538526074325 5.38418672530379 2.331702891168586 4.972414349217013 8.031338653402617 3.5805031966032437 5.325345263768715 6.964691321148942 7.082203946364355 4.631906804526528 9.893716117643011 2.068201766668522 5.133439658169918 3.4375845409107955 5.052385471724506 0.2877293568849166 4.368173653378358 7.550462308024281 4.902922330000034 3.583549029363141 3.9043688852374023 3.7463743027368626 2.294186619722971 7.320143962338202 5.211476045127455 5.930537216109783 4.834036753185042 6.325582907489688 5.14298816200263 5.094181554326913 5.368150250519862 3.18587072236444 7.61052258456264 7.82659330275357 9.100373761799341 5.75667138034496 7.053415179359028 8.130861600802067 1.432091041162037 8.27239235692765 6.3229094603921245 
8.213501325125218 8.650136786430945 3.7226965968085795 7.636576970826119 8.09084451631611 5.124703574860151 4.079495254744423 5.493790034860357 5.729305343650281 1.7891019992932584 5.777268220413502 3.5324985685930432 5.271532230375006 7.474714644774977 6.210870468604651 7.9519953500157285 7.903144969741605 8.35280453980571 5.1177419507446595 10.368994201320042 2.0219624047502855 6.168963869824179 3.8240646050619675 8.107872543546753 2.9559428273221746 4.061251164784979 5.420409388806933 3.829087202200369 3.195963007346333 4.277086849667402 0.7580792382895787 5.37024091633141 9.256694736072387 3.4945920984797976 4.065673899440144 2.791177678799808 6.843429087434357 4.388184638623489 3.9817304827633393 7.311189994149927 3.8029825999602016 7.651812341208664 9.452047592557042 9.211010890474782 5.931155331541324 5.891534188145961 7.218084021659984 4.30381149904098 9.770180622451816 5.385442486845155 
4.629080212136837 3.8134912933086818 2.860630527708369 4.959756771347663 4.868030667978084 4.476584493463344 5.80900893967917 5.431835820424036 4.325030045091241 4.844560627921543 1.6636334322586221 1.5628641306649917 1.3896282763833927 4.572936585631618 2.8079902853405376 3.988525729735751 3.2316685022253324 3.5365104466268886 0.9993504439033196 6.091397212643985 2.9243771448538878 1.3894465970500256 1.1236189022793357 5.102960046139666 3.743356412449497 1.7998164914412937 5.741775067617646 2.847243991825869 1.9927059578121025 0.9303567698644483 4.726229174742685 3.5260890056062753 4.475014839541547 3.7266822714342798 4.2787362037747165 3.9675863671443734 2.5219493794629693 2.5709997928828168 2.963753115666321 2.646398407802743 6.881431531131912 3.8796438331932075 4.598846438767969 5.316207552436481 2.1054028407259002 4.247838446858851 4.921613095789041 2.941853525300053 4.9226673008719075 3.475541361448218 
4.5790272705911095 5.113262436633673 1.1562228467513027 4.34829702973529 6.48922571653703 5.305255123712891 4.0689347986153654 6.164473424169504 3.0536732186455002 3.2834736500539554 3.344117438564126 0.4807672693333269 2.9649127489976324 6.111810723342153 2.5343843902729595 4.220463227111325 4.919043794823907 5.102008714199663 2.603541043684065 7.827160956981607 1.7532479634020626 3.0774156371604446 1.5920430742374299 4.688771938480542 2.015098768616604 2.639190097737945 6.373503780613444 3.453053927743439 2.1245748732501406 1.9703387151586904 3.8880380409378534 2.3365227671546003 5.620447096620394 4.065786968562355 4.755794084519361 3.976278754708931 4.260454298105616 3.4922454426658107 3.6290315940629214 3.6411366578774143 5.177337914706035 5.576437492856493 5.977662279572032 7.0451235017418545 3.741663313493197 5.3950176822011295 6.3187632049772615 1.4110559926587576 6.379101831031425 4.623130986771981 
8.330604375474518 4.842456903894586 8.085336626830335 9.346895334416509 1.131159500767399 4.778704604921419 10.987951601387314 5.379682724320083 9.385970245822614 9.639905752676313 3.59845980315384 6.650895314043726 4.016581392277271 1.8189905432113234 7.358776935237373 7.463053278019537 2.9348333581805597 3.6533520830770323 4.348624873784285 1.9260461888132827 7.56348738711346 4.151398133093488 5.612362432121208 9.21527723453569 8.872225205324188 4.947734389236577 5.830113442467695 5.164966462150197 5.863743767084127 5.11399608420465 8.444628918706158 8.592759476918154 5.563547107571962 5.8198920223570925 5.671643511081773 6.5519535797833015 2.7679892213049095 4.566093214688049 5.04536511881445 5.532150451404684 11.878586251960137 1.3715423174209362 4.683800023875888 0.4625378244179739 3.2336793349044326 3.7006908791684063 2.6154959502845387 8.163346677579879 4.384854242938351 3.7782271895294226 
1.9913827880548123 5.549129667055177 3.753930207670993 0.476438302652177 9.609294200250188 9.446072111778115 4.900782195401131 10.359885239209277 1.7793349535893632 6.080343781181697 6.53079278412099 4.7647728080504965 6.412969487046871 9.46951228068655 2.3262132037760304 2.6342185264160145 6.802673048716455 6.3849315890148395 6.034033710851378 9.71349423394238 5.748797137970314 5.580325076615081 5.678877283685151 1.07543407263845 4.515353530680835 6.69763484039383 10.608600520611716 7.650391308339531 6.385794266550109 5.848774192023445 7.817126384792903 2.078034354102465 5.417878573095942 8.34410994394214 9.016952653470453 8.267398662352273 6.949661400782769 7.546472086096055 7.809847661922823 4.212600488381803 6.563522214884311 8.449040127018119 6.341542508418099 9.536972601742502 7.005170753790733 9.314650427461018 9.935736368758928 3.1748207551156082 6.893568518994218 8.538748720057606 
2.8707562153275443 5.908316167961134 2.7117725199354483 1.5800350332379784 9.347729234656303 8.746620697324808 3.7208231884653236 9.62110463002569 0.5742479916643839 4.88560105663174 6.168176424076086 3.9403666191996773 5.9629352624380765 9.122768362580532 2.216021101175751 3.267385133379284 6.834348174807362 6.562662552547257 5.5732115071794635 9.834128354505815 4.724033926684884 5.363047931044318 4.975917281481721 2.1847454857976305 3.35089672890276 6.0265661311765 9.832922501958373 6.905533675964145 5.584098052365142 5.231984208849783 6.72634552308582 1.123371984000244 5.941714769485316 7.515512445609886 8.212273091864756 7.358568840229472 6.755396010377794 6.887455942547678 7.077493831240407 4.403493525929767 5.3808788376391785 8.245700812102912 6.765759620022729 9.475495152629437 6.636139752079019 8.737829325180954 9.496408312444302 2.1642174358366386 7.30289140376144 7.957016669698626 
8.288524263245234 5.343436090321367 7.09209820046615 9.057334290543706 0.7127010216303887 3.009598149690751 9.851277267250902 3.6443266917552553 8.703017441850179 8.2754432575269 2.7557275741480476 5.5682302279325 3.004348301633497 0.21732378664444396 6.934895163884477 7.457770824436892 3.3208471511243927 4.189511360201202 3.390352518165838 3.6375895757217007 6.224170228773084 3.7033263859368013 4.435409956599926 9.042848711708753 7.722648992060873 3.577631469368494 4.098668756100102 3.5630358460276095 4.477929830346614 3.9821399123736962 6.837949709870591 7.902391750986429 6.1567721501839 4.119109435915413 3.9181517901955147 4.865359747681942 2.440210642326093 3.0160952631975424 3.419608059881589 5.526890132132969 10.570023491324525 1.2376021216265305 5.475985464810615 2.183026400299735 2.2878485108541713 1.9321659259495285 1.0418037042123949 7.281714767487747 5.334689297482747 2.066607994936327 
11.051160419393998 9.350084009314235 7.7611942899381745 11.203092706340374 5.439037866802684 2.136610656617129 9.447170380790093 1.23755624491754 9.934330949134557 7.2262689878389565 5.741644044423212 6.454182678098027 5.485535706946721 4.7636593893560715 9.140331886580206 10.404660644409649 7.582713622072563 8.411064849721095 5.729506769642429 8.482353683977772 5.8948523460655355 6.840920531559961 5.560473139398917 11.445234657931497 7.691867111814651 4.629696979910923 0.7899091463818755 3.598309115758491 4.8194010284636395 5.511209716297987 4.80831536771816 9.262525059915532 10.172162088895893 2.8671220186485242 2.1895678523610265 3.1241019493056705 6.334154630788103 3.8858136884824965 3.465360028274311 8.815067626465478 9.369310083754467 5.9283521615505395 9.779306259593616 7.013263228296033 5.441689976501982 3.0293641089405683 3.9640200381707564 8.244126203439961 9.796045155709901 3.4380182486098225 
10.07708540448957 8.140464141148575 7.169078586025101 10.359401481716255 4.166093889961243 0.9866624588223595 9.196912654356344 0.1196931228967397 9.272868001961378 7.0917966245828845 4.581466693061421 5.743054988882847 4.382242168733004 3.481391902246433 8.243028352562309 9.385433452327595 6.324825176073158 7.1652038811787975 4.666817425474852 7.199446903992342 5.4717086780198345 5.70795963679402 4.727975573276996 10.550493469106112 7.28081442917509 3.7146783964445955 0.5349197337672739 2.771287545953075 4.108097162045466 4.585394058657321 4.868707579904993 8.55384217145968 8.968142119306837 2.3224069465179524 1.6154086522819502 2.8606989105801457 5.092749073052466 2.8901268736731085 2.6016308338686986 7.708612333077917 9.348652272513965 4.631729555373097 8.532641179716759 5.7334726637587385 4.243437090549811 1.7383467532763175 2.7092620207405145 7.598066989446094 8.529950626129947 2.2207605752634256 
7.188956579245939 8.123591627027198 2.6516798673041264 6.471963410364376 8.412827448464771 5.885142625549276 2.814959169723715 6.410199611618577 4.487260034798119 0.5822711250370785 5.716767728838732 2.958012346539258 5.226759441160333 7.85965849930062 5.260110471281624 7.02804604936064 7.682822982989483 8.004949872560331 4.986420125174938 10.379126669998328 1.6043845336646703 5.859610796298718 3.6338808306709076 6.977897430078751 1.7101683808513755 4.200646269019463 6.408037756026786 4.299514974506708 3.2839047853336045 4.136141127661708 1.9807532165267587 4.213122480743107 8.64544612006254 4.24194514273241 4.906061647844274 3.651816953571379 6.7690331457221395 4.74959747934458 4.4795603959548105 6.665846603230117 2.8910288630739984 7.7946569740134635 8.97419077929557 9.354328333046029 5.968059000255593 6.489174853422332 7.743944263262025 3.2047307155658036 9.34981208077306 5.872034891239776 
3.445433898704882 6.421879862403933 2.6297069090763974 2.1121608334883577 9.648990162215322 8.833980603151984 3.2000545869151393 9.680189883435064 0.4928478769486093 4.537761486422323 6.448432805645261 4.004617548904677 6.205623434511014 9.388645760401618 2.6791983139604114 3.835982149178766 7.256298690084277 7.028949343446188 5.815579334816563 10.270222081370502 4.608670355599335 5.712139390285652 5.097759820203893 2.7257280827191224 3.0836805847773108 6.152650872879093 9.867893598950076 6.9781991380032204 5.634122637781951 5.399366354158292 6.5231689297027815 1.2921504700188038 6.485643816458122 7.528520204837635 8.236758445723387 7.314892693959995 7.099281997139876 7.011693441006395 7.156443557204702 4.89090127831477 4.862792268643402 8.576034826784833 7.288917842589065 9.85296447211925 6.908973981267779 8.894183664722444 9.71797887571883 2.1461874693919145 7.821193764964943 8.115627531673395 
1.802975220556697 5.240923880554331 5.9797881861593325 2.138018255323723 10.224281073523827 10.89078585594746 7.394617751732748 11.851891872937248 4.249883638108644 8.490395721425351 7.522915437374592 6.639173820559604 7.567710653505686 10.254787492897446 3.738265479706682 2.5831514341802975 7.028539126627874 6.356905114577715 7.238570633408525 9.55605309404139 7.8702291152791055 6.409431146404479 7.305929463223332 1.599045714158414 6.883763344963503 8.208355528273687 12.163746514790748 9.240300695067276 8.128137514421388 7.326234540125292 10.00645282785748 4.364461859149198 4.7502704925241765 10.055471011950292 10.665760495131995 10.122525390465885 7.599361208009845 8.992243911186202 9.37153949702801 4.515163342191776 9.057213024797127 9.010925092829954 5.782370565995601 9.760449122187879 7.9717790189707305 10.538290500884536 10.878466110352715 5.400084178586471 6.309863214193302 9.802271248139009 
5.216107424090523 4.841509306792492 2.3219982721052674 5.266156156352784 5.362261518376532 4.183779617630837 5.104166108996098 5.079678996277802 4.203721352094948 3.8925715601407123 2.318961831518052 0.7836601621033085 1.8773422261890467 4.951203934379905 3.227867665069419 4.6885525644526655 4.197394701939643 4.55912275631215 1.5625593194227148 6.946686333261599 1.9065960188483104 2.386545781555837 0.40984187000199873 5.518126524440488 2.9803931427805526 1.4646996438570856 5.325330311237303 2.366611383036013 1.1698115456917395 0.8031529543299853 3.7088929265782093 3.4501595876009423 5.482439989346667 3.1040865396750776 3.7481904226322538 3.1845645120049406 3.328937728193025 2.3249106367327674 2.5282169306127127 3.5963488368828522 6.02501093449964 4.522317017466023 5.634083746459801 6.039089515259326 2.6612534120162197 4.211701482901235 5.130759425893458 2.5978737188417926 5.956775983293452 3.436773895200301 
6.538674648857169 8.178018554196376 2.304212035229022 5.569840539880876 9.34017932955501 7.179365801797635 1.3339554290378626 7.78369294261931 3.4684008863874456 1.0295318074804314 6.384770191650374 3.349527800961334 5.936166448190954 8.850250218180785 4.824783112343218 6.5541956672664625 8.10837546809045 8.278128802710295 5.627997978041437 10.982051615532525 2.5311700036384828 6.2635054462644835 4.336685221312962 6.134289108211509 1.1948264607265078 5.136041625269692 7.817171041273534 5.464894469952231 4.261058210889539 4.834312622465584 3.4781622835915145 3.4369908967456237 8.576099574148198 5.568128044611812 6.262482971086749 5.047249418809661 7.377653029564102 5.8193629518966015 5.654041303101026 6.618862603419235 1.9862753330014327 8.57800413773192 9.065833698352327 10.104282861246492 6.715734368401596 7.667855417898364 8.846879062515727 2.682237672638059 9.502187803681325 6.988744543248323 
6.681923620543845 4.726019177703885 4.748458116227691 7.164130458343717 3.000872901173218 2.531178786042517 7.473712768534044 3.5011059306402097 6.499558852663516 5.952140429264671 1.094544452251725 3.209707479948722 0.9164142328861052 2.532945837820084 5.0039326978940215 5.943526147033476 3.1434097407960238 3.8858690081152925 1.2668588189006968 5.138192281477543 3.881981675360045 2.208658361901935 2.0634724711696255 7.264497007441303 5.34527642386379 1.240175128563346 3.886184330923697 1.6610085233427652 2.1572265411761298 1.634197592318014 4.814344647412287 5.710099821381024 5.539125855117806 2.5479747288943857 2.775731821107957 3.1557070472558344 1.8764940876957394 1.0371024885512365 1.620649753389729 4.211600730648362 8.22395362060543 2.395097424089157 5.2352053377651275 3.956911019078379 0.8690601917207308 2.058266447765243 2.7293512745400057 4.984775174351819 5.33971566760942 1.3227440015530367 
5.684348986568067 8.150104799619369 2.6930832652049315 4.4221577715256615 10.330732681504633 8.66489428345471 0.9215123007214372 9.36378150630217 2.3907265892901948 2.90209838418706 7.184917152566293 4.1951653444841455 6.810055490236987 9.929383545810262 4.430973071646044 5.939767587565123 8.537543353007583 8.5152648050425 6.449076413923062 11.535890221383822 3.9765666826861756 6.7702952263662635 5.3381508011457415 5.033556063561642 2.172874980986201 6.302188149503825 9.448061522274857 6.851593424765133 5.532740260782689 5.781295200788285 5.316866543453297 2.7911692053844925 8.374969028138324 7.127187753592067 7.842666487347067 6.699216353923573 8.057162845664694 7.088984977094216 7.042961986247348 6.555380183326029 2.5685972826415564 9.416350330708784 9.046378734743607 10.859781577340675 7.587584247866443 9.00204197347949 10.063099526175503 2.6734777665733604 9.542248961229543 8.267782950260983 
7.171370769252716 8.616440660209298 2.803507570896215 6.244267367765426 9.399110029850519 6.993764152305565 1.8053589455092167 7.527613911226459 4.151134842337127 0.5371578095196081 6.564438497061598 3.6103179178028215 6.093307744311255 8.872148600311832 5.396238887154955 7.145834837608749 8.404157256128553 8.636139651381882 5.814536504984238 11.20833141852401 2.5231014711983226 6.558522490309221 4.480984301549428 6.801492235405614 1.6740560994456062 5.173030949488044 7.523270034335186 5.368644153564808 4.267125845454993 4.987002096735892 3.0132390048315285 4.078958367949696 9.05780662723413 5.3541554343674855 6.022456625201409 4.769185809676208 7.590139196556117 5.7845821469761844 5.552560582611957 7.0846561546239695 1.826139849828983 8.711206557386298 9.49423276092666 10.258234176714636 6.859167655608699 7.568914101207672 8.80030918966357 3.248240071395224 9.90999044970842 6.929257480255945 
6.44928924086736 7.819213080428225 2.016422401970301 5.601683893510483 8.768455830846488 6.581601639075121 1.911762244639224 7.1939775967477235 3.5527363326619135 0.7613224543151749 5.852906292478491 2.8515895017248303 5.394192577440727 8.269190431633332 4.627738777257137 6.386260094658746 7.63965130897292 7.8520401501218355 5.098048753072765 10.475703185218013 1.935532835917166 5.792695263364149 3.7863630860442403 6.137865848248257 0.8982581391249711 4.554965871388038 7.235029303442858 4.866165486215753 3.6722288662408644 4.288510776479348 2.989048440209049 3.3836317607240396 8.260672502294597 4.974091212870612 5.671426781390339 4.465640031850542 6.862098310953667 5.226246707489502 5.05515642369493 6.286934741701177 2.4887166091340047 8.029545126261631 8.69789899285839 9.564765513741621 6.169410804202753 7.06958558073678 8.253831581754365 2.4870180539063136 9.116214292834469 6.393424508084342 
7.770439298815004 3.9529135647514617 8.832859179214495 9.055222855344313 3.4898556010589092 6.970873486729707 11.812456361886055 7.669300807470637 9.629126391835733 10.859833409587647 4.734367964011041 7.6221565393106925 5.23678031465521 4.129865730289537 7.39295326297624 6.923288171141076 2.8888534873270806 3.050748431535019 5.44792408670816 0.5704097482579398 8.830420612628739 4.707602744130146 6.8002331397690865 8.773027905979998 9.79814279925092 6.442801415662341 8.124367914862175 6.952742294124235 7.30117208972814 6.301353329935529 10.112642359832291 8.89243485312363 4.408992921931486 7.750428394629281 7.741987846485148 8.430282103471116 3.6700006824843796 6.322111501485354 6.876237430418528 5.2304273208681815 12.945973550690208 3.07692422465139 3.3803468975487183 1.9271469824087415 4.568122123271735 5.917888297924753 4.973345711898942 8.752296794783586 2.889314992702832 5.816524932323568 
6.806431505076846 3.3129101369373193 6.974927998633094 7.869839019286841 2.1133321726901104 5.04816226419654 9.938598090437765 5.841250128885359 8.060960613273988 8.832435239165422 2.6675393074745193 5.655869114025141 3.161444359996805 2.5291496146795374 5.946521507387766 5.937166828591805 1.4021938493190222 2.1183610880302055 3.406075185193784 1.9949071888947356 6.780020989750896 2.871392094850365 4.754038725517838 7.710615659995651 7.8688357201414245 4.3396991616844 6.294500189618494 4.856933988787013 5.2081696062815555 4.249316452809811 8.006075794103543 7.282526041960241 4.058081805093403 5.678590695363157 5.723852488387717 6.342057228595131 1.628810983059494 4.2258657046077595 4.788106877154144 4.021292806454854 10.977062807172192 1.1563907959014206 3.2376815932007914 1.369289939445125 2.4660417369977465 4.050531710952166 3.397510389396699 6.973428851440473 3.020556236524593 3.8181933054818753 
3.5222597068703907 6.103955742971639 1.9174113006207847 2.408787664424308 9.032186677817764 8.12316315018463 2.9815937103176764 8.965384011344126 0.31943558098849445 3.995280153099705 5.824598762200371 3.294407267607871 5.557755798280474 8.747596321010375 2.3297260856354853 3.7526709411501 6.770227993306226 6.611425261098232 5.169031556518624 9.793341686224032 3.908969739798856 5.15080301615494 4.398918001164369 2.9863665366562553 2.462738025385173 5.452974982092421 9.151425514779422 6.265961494908031 4.91978214968548 4.715943263688832 5.863524526135226 0.7231760241034904 6.254208004142007 6.811719908442661 7.520070279071942 6.601845873530849 6.525584602084985 6.310328142669221 6.4450754881419625 4.530955712249963 4.618903895868544 7.985204281219493 6.989612515562152 9.304680784270703 6.278240634928362 8.200738641125527 9.051111207688749 1.430353867299424 7.506497949823294 7.423739618251557 
5.72387966527427 1.9815742498509517 7.648331254379494 7.111103762569371 4.778806774592602 7.577301211953209 10.567997083018867 8.436762261994224 8.005954777182668 10.0145732835332 4.421821212367579 6.726916548482308 4.896526333704038 5.231506743769034 5.731247963441456 4.918421627743611 2.2190966293691576 1.6748445219238257 4.949733993071198 2.7499604082483913 8.134927312100253 3.8531625270231658 6.196069539500016 6.757065637019859 8.720611534907 6.197458739986381 8.88259153364126 6.984683508741908 6.902371500529876 5.757353899537407 9.789786205559603 7.342106991704074 2.226634499163511 7.900014918516299 8.09460454556418 8.46427422399582 3.4790141049011685 6.382313210737403 6.968361507840761 3.5191722080153416 11.88537087580295 3.8367743017159355 1.2044332979396948 3.546463271617993 4.487984383083259 6.651684667289922 6.099117978657808 7.437712345230432 0.6625304817900435 6.288194429886017 
7.478967808509919 7.785155902166113 3.0779168326845143 7.001869915025124 7.372627176426578 4.639620731931982 4.050130790634974 5.138570452579271 5.197321395090362 1.8538699983331797 4.9381896976405635 2.6933946940192373 4.433112427108772 6.781197818855428 5.453341986376957 7.172295114536137 7.046062854291363 7.486414242954925 4.264875908981826 9.556136466001181 1.202781987931997 5.302714319062049 2.959770448979887 7.441542751314588 2.5127692341291423 3.256846244981215 5.134340413093284 3.1529331710018234 2.3672108412238555 3.419310826708375 0.988538206077578 4.752570262831102 8.398431796435332 2.9909254036808823 3.640377306327886 2.379423292125188 6.005407993993734 3.666548719802506 3.3217048689496718 6.4605845000312625 4.127079023005401 6.8689459017503385 8.584618307999428 8.43232467923852 5.1131135921769175 5.301253367617682 6.592461602593347 3.6611651245872734 8.902270224483631 4.730911126043286 
11.066417462631064 9.207545005908496 7.93737452399259 11.282678843538736 5.093327039750947 2.019183869592051 9.73885139883295 1.0500622530299695 10.088967321543045 7.54468059611931 5.637381379106833 6.5806636433429775 5.418928265224671 4.433311659873355 9.192234547265487 10.394641268730837 7.3892092936748615 8.231817964892848 5.687893630744622 8.14385439441269 6.122181031288054 6.757119479262373 5.6326457655724225 11.501031195239994 7.930131921892061 4.65972306301532 0.6985228998681235 3.657939404282123 4.937277694173925 5.540576794078486 5.164984005078001 9.397339045873572 10.034785280091754 3.020034620063484 2.309929351440519 3.3734630942146824 6.160223081943505 3.8718576509011706 3.5078108436777873 8.750834699544697 9.721991764636993 5.6543972818755 9.598913739924878 6.672325777722308 5.3077747869776335 2.7889401045124584 3.6081125826595875 8.40138116519354 9.590703507038391 3.2859595401767585 
7.854801597027522 5.266167483958972 6.273628438261487 8.498748273052119 1.624503363094148 2.3309607300840653 8.977433771482763 3.120069859855166 7.983494463784444 7.359585179889109 2.14837142011722 4.734797603598872 2.2784255420971897 1.0382919577841265 6.3475184515254 7.056773205832558 3.3303344939016695 4.196342480224142 2.668067010349462 4.330294831377468 5.316352718145031 3.228046597508152 3.5853957550333577 8.537382803725283 6.8527850203300815 2.6792152695390783 3.571394871502579 2.642434473461313 3.5684070765684464 3.1582168846264933 5.92274767110598 7.187742749902379 6.097216419834515 3.2424871791266185 3.1162604948375106 3.97920070156435 2.1966260526637678 2.0908639635860133 2.5038928051025193 5.180117728681653 9.659713414840276 1.594207912044995 5.548233645902982 2.9398616929191403 1.6796338147632286 1.328462368296512 1.269671560379078 6.500640325824242 5.498534979311791 1.2016341772960786 
6.473312516023766 5.560237624137594 3.4157488301629053 6.577952506500498 4.716534175923929 2.9063248937207047 5.880267355095796 3.7777936733912316 5.452583518097601 4.221378271738147 2.2574403573081185 1.9236169423039908 1.7570156466307032 4.185065007994982 4.520101755069026 5.89095741646776 4.446994232152386 5.013893683500832 1.6965299185828444 6.81639458150178 2.1694836417757766 2.8951208839457103 0.9352888778512705 6.820372422625093 3.781611431890383 0.5123482495093165 4.0140129765967485 1.06040919199862 0.4215083224017958 1.0277146062017182 3.1913183025452643 4.723880988085224 6.291281957456202 1.8189579330810044 2.4395514581233106 2.0366295226977122 3.3123831242990995 1.1674473551689641 1.2313344299897464 4.561489520380043 6.513680265225975 4.129187749241524 6.250818504008326 5.693387760220237 2.3779805504463356 3.0830524471088756 4.177351628813498 3.79456693464735 6.480233374161956 2.3476756371416547 
5.037969214161883 1.2252378888211648 6.617419927972156 6.337027184295102 4.40496201413119 6.811746092565867 9.550583181457597 7.711224841321172 7.070075519404533 8.969742193711879 3.47931204227264 5.682369930880785 3.933504507099712 4.741784403359774 4.798485061314301 4.191156897569249 1.354343688113566 0.6411959303932309 3.95475623185703 3.1019161800236135 7.095651016583498 2.8246752902925643 5.171772989855556 6.04152120136376 7.682645889613839 5.228966056653487 8.14677985981184 6.0647749967997555 5.89938525347964 4.744184597891969 8.781326102319676 6.3801599172266235 1.8148362567132144 6.9959198071215445 7.241793995369669 7.527002686752041 2.624008032912986 5.479936246323564 6.063424234566802 2.5855657027230117 10.849834300311812 3.311204622824411 0.9373183935970437 3.461496573893332 3.6045821349741427 5.9531333583918205 5.5787314160965735 6.423222821107455 0.8688024743052101 5.508718022552003 
2.2998653275765575 3.9886818418558767 2.3383459660945243 2.2612361532163376 7.3014648202768 7.131254419307579 4.829559367941906 8.064662701315783 2.0986309034009616 5.044198641863236 4.174104544223832 2.6876068050171567 4.0426931855198305 7.124813213224437 0.2912597131232971 2.0587868038022643 4.733189032290626 4.507527963413338 3.6636102388642984 7.742389679011483 3.9937335632224524 3.2842538730096833 3.4123485373406477 2.4758479334794328 3.4388320159650005 4.388573862641282 8.339063133137724 5.381918785254434 4.197651482436312 3.520163004941415 6.143690651538875 1.4173552344943998 4.19346878769798 6.146096224062031 6.785721221939348 6.1750182031412 4.6745800114733935 5.221919024677416 5.529628925282038 2.4094203774006338 6.342657050356211 6.172307523163873 4.879147386917191 7.3717286812472915 4.648213851241216 6.9528656852866435 7.569411153108757 1.8587177853413153 5.389819387728853 6.179783991156365 
