50
50
509.0651678603183 720.5010033502748 981.2590074870235 940.5755639069678 745.5403936767718 796.2731426258769 798.3075575660095 1002.5579315911023 548.8701312813087 377.7981832217657 1009.6221150953354 317.8418761992948 387.313204857818 1095.5670853753613 946.5942575546907 749.6030792196069 989.4769098556625 593.1089960174032 907.0295189124246 639.8014449720933 789.2211253091788 524.0312740629296 610.408866966008 625.8133868454527 407.60732352959616 372.59836763436437 930.9346715554025 540.8068606644396 707.9914863376473 1004.2626437122241 946.2115042566413 334.34581825810204 388.8749714547724 569.2603419516639 590.6365323218323 626.5457978759448 569.1775648608466 532.1790170667277 856.2960392492384 747.3204814176721 405.44682916224764 584.2610220134038 911.4579235925127 676.073989247778 741.9553006409194 480.2406817871147 849.5645566782964 694.4574696945785 774.1480296193786 786.5472134900765 
22 44 78 66 41 46 51 85 22 9 78 7 8 86 70 54 89 29 73 34 41 20 33 30 13 12 70 24 35 86 68 9 11 28 29 30 22 28 62 44 9 27 75 34 49 19 62 35 47 47 
27 35 6 35 10 10 35 8 34 35 17 31 28 5 23 31 31 27 18 22 19 19 12 27 15 34 34 32 30 24 31 13 19 22 21 21 21 21 12 17 9 13 11 35 9 11 20 13 22 6 
6.327526353125792 3.5804134958966065 3.290568945311364 3.614376124584531 5.381284497323929 2.3844987181956157 1.9265064264179728 5.667051134680191 3.611943069043658 0.6270809441893798 4.075856990809488 5.573206488240908 5.140156872080949 6.063933571832779 2.4791827770013977 2.127976138419832 0.7064289369496034 3.7203715139683693 3.547064725790283 4.305040674814743 3.484534634018139 5.625626506619299 4.6776609146363155 5.784565060478801 3.392182511740515 5.562663306869192 2.5918784483943167 3.200134943791111 5.357050975703732 3.512901910517262 4.468703931857115 5.715080448992955 5.4403010469613164 3.6996598761371113 2.7467208940808203 4.998417928836084 1.1339740646794008 4.9216060254901866 3.9344105607443565 4.205159795709826 1.618955200135187 1.9319719791148446 3.79806717303048 5.613586267528879 4.048913311864825 5.053422446976295 2.0848020483620306 2.8027143813325535 3.5382355081122556 5.818795911405298 
8.191834617643746 4.911179196835506 5.031413257853348 5.450068111343813 7.24649114011026 0.9499842286228204 2.197496956633527 7.185475739722876 3.3659455082361944 1.3329943324846276 2.334687668652161 5.3497952911662505 5.757028347368919 7.7543301683197265 4.332873889521871 3.993397561835457 1.3952155114909057 4.562913609265381 3.576076910459678 5.351336154189752 5.172168027860408 6.562895244669956 5.865073078657491 7.540751989919859 4.449633251654505 7.084347346396322 4.032549226453474 1.3354410235819547 6.770288457352603 2.6642283881200375 4.021973711184555 6.55562302992981 3.801236195140632 1.9821027972143292 1.5605118491629302 4.4261347415712855 2.5043149999367613 6.744940706045936 4.429498744496938 4.395876547201597 0.9210720712802478 0.8499783272197198 5.535180301014595 6.619993408244285 4.0124918744392115 6.7522701343751415 2.0356688737918907 4.5513735657159575 3.396174432891204 7.112980585800024 
6.0487903358798984 1.5939353252756205 4.146728039513928 3.0514897583622504 5.001776672747463 4.171069933353678 1.3997404346671765 3.911198113164391 5.795766173647721 2.206099990117239 5.6368952024864685 7.755738149048516 3.0148402421691762 6.745414532370954 2.966168678285166 2.5282534186382435 2.8168535275744366 5.657493113375659 2.1330634108163324 6.063981786802089 4.457705544641803 3.443050409093533 2.5693085905593236 4.5948785194406145 5.2198465242396495 6.654340943003646 4.167069454797277 4.482744777355802 6.639247211233476 3.1361378492697223 6.646298670587446 3.5306293808198594 5.739543907714664 5.297832613952914 4.681016365234853 7.167286992623748 1.051629878075573 4.105898757875636 1.9611461136925312 2.457862130172638 3.5751444707895006 2.7663364419998455 4.578632238019646 7.325694880560815 6.22770903320748 5.795097507703696 4.258987507027488 3.7384006338799787 2.324730811068603 7.229382837523987 
2.5017695315347437 3.0480824047213613 2.176421869790994 0.5222011486280064 1.4707270683578177 6.304677366401885 4.767311427279492 3.2369036727326526 6.555276018300925 4.507789027570061 8.022319354613831 8.027186090198605 5.522311123298136 3.6493079383454337 1.7164558318858054 1.8934150522224404 4.581040585742475 5.065118513896514 5.654725497777816 4.904666982588772 2.4741159532396506 5.065190052958809 3.8378123648307607 2.239701399163301 4.483851536146378 4.106991154822523 3.406523701352514 7.161733692686505 4.398871119632575 6.634980815523558 7.412078794171576 5.368214481861377 9.090688115491284 7.643125490292803 6.5485444940970865 7.9807890157769865 3.5856713115078205 1.112273884998801 5.108038025162833 5.774319291111336 5.499459663548851 5.6923035544349805 2.2112712545436537 5.786715096083647 6.623856526416427 2.9312382975943745 5.444618821164586 2.234473066121008 5.876484881776582 5.101674312102912 
3.916244838663393 4.837626079715922 0.477392281488353 2.796528558468478 3.3427109026723576 5.0601776351032814 5.017214814819598 5.797408498830676 4.381263442343614 3.9540192957178295 6.714660514880424 5.5384658814903265 7.205278525024722 2.771888175036212 1.5449396490375027 1.9278452681933267 3.591111722897376 2.487728113183432 6.441893772095954 2.251334150267387 0.2533902723893073 7.124696699385571 5.901368261664555 4.867725319273041 1.916386429147123 2.275739508580699 1.1271787356080996 6.215081045932372 2.21915434486995 6.7963645749632455 5.154529726245514 7.361280875292397 8.733686485497438 6.348341435269082 5.061535369045002 5.70254347652582 3.7664613053252576 3.712720528848757 6.362089122609992 6.876519549964879 4.2932266118254425 5.250060426471002 0.7031864799341314 3.222166297564082 4.269327391696814 1.7751004297717228 3.7318220577003496 0.6896766448193943 6.5408767210024985 2.835864993018537 
5.499423439760163 1.1029698512151973 5.299570254171647 3.152705465970225 4.54825749467348 6.803416530470216 3.8842362966661454 1.6149773012141138 8.246592998240168 4.817189226124119 8.250899114694105 10.122970978458326 2.1974703271576814 7.230756136732036 4.214081968040558 3.9379973523805356 5.3661394787088135 7.637380029883073 3.587237616834988 7.8095909861670005 5.644156078405982 1.4832699302717345 0.3147496263490929 3.0985737005099008 7.110256212959434 7.60984398635173 5.9491063470224725 7.065571595175676 7.806511430311433 5.169383954270993 9.121400684746712 1.797460521497244 7.859400849973264 7.919500761052297 7.302583526402318 9.664240212521307 3.5934874189472628 3.3381553597654436 2.5128196306348345 3.199397405805042 6.183653084213243 5.344072480916817 5.550241909920448 8.929959678506787 8.591407041667434 6.485750286509802 6.756697707180031 5.0774545750565645 3.917138509356189 8.486799918582129 
4.083986419426923 4.5957690074101905 0.5193089613976133 2.6842444829747953 3.4373574615838636 4.7587366948396035 4.679650927912508 5.671329429497659 4.209808733055365 3.6137123913333147 6.427170030950214 5.473445299914169 6.932101561816456 3.099909952453274 1.3030507691710875 1.6499692687174894 3.2620888562244206 2.4644803581338306 6.115721115613332 2.353272172217963 0.520029734283247 6.8928260309685685 5.678772476746453 4.840684452875134 1.883370936889737 2.6125912925339807 0.9194292522058525 5.898755933098705 2.5289277279613214 6.4547922451541195 5.009400108703512 7.11977365922796 8.39831324414029 6.0581223076590796 4.782872806528015 5.565586176887837 3.4338122636127686 3.694312959158315 6.060641080512297 6.563462865175319 3.9832483047886296 4.911083463861102 0.9342036182649338 3.4157832910084887 4.148410647477363 2.09667484233922 3.4683466968048244 0.4372033084105809 6.20987960400826 3.12309802213747 
4.6358343856816235 3.9510647324119432 1.278931901549614 2.551944626867378 3.8275376785864053 3.9613328450485197 3.7124329651044747 5.372479940429199 3.889902268774694 2.6520552355803306 5.668232011360953 5.447334635835985 6.160841454734529 4.039578211863011 0.9660857211691773 1.0409768089591875 2.3618282039096234 2.6919937323259595 5.180951238034953 2.89041794402942 1.4584138140448406 6.251378092481824 5.079494785527377 4.852844347630616 2.1541284566452887 3.5841680591679763 0.9947535649018607 5.035186592496791 3.459074461397207 5.4783219636683445 4.751201561593062 6.446507123914868 7.4549942823332955 5.291834895541623 4.0726620934238085 5.320709136213711 2.484735640393996 3.7716059863988542 5.204063493317816 5.6683416424635595 3.1603563662493688 3.9547926944884084 1.7853659516862066 4.105875467322186 3.9919239473481904 3.0294257899708215 2.846944336566372 0.7971071587045391 5.26044860793056 4.007914995154192 
2.774139179846611 6.606898060012259 2.7435924071538964 4.075156374627738 3.0423296030799345 7.773778814249489 7.565373551159596 6.645626188763507 6.708408967246476 6.6557638048711 9.392495306539278 7.315629143783669 9.093442488002108 0.0358442170063998 3.7907408180737816 4.238364572728334 6.327908334173498 4.422587147317499 8.831219808403034 3.677802775429938 2.5535879070148786 8.681824152716068 7.454377914674422 5.103023477539637 4.0192883956351375 1.3085584955473908 3.773418516277996 8.948722949754409 1.940775765598711 9.409743747349445 7.339327699050174 8.984843833602937 11.458281934585239 9.034262693647491 7.725431502310594 7.827467764965444 6.281431813084995 4.131340587174386 8.517713563251752 9.12523895819002 7.021434623962382 7.959458043662918 2.2400333260071434 3.6765099416400964 6.397552872917048 0.9756693712708229 6.372133807943424 3.2302238591188353 8.98314953211839 2.4625947573321603 
8.8542718419566 4.813901702889881 5.979288639610165 5.946472879909921 7.853502904974209 2.0911090405383455 1.878784764746937 7.1531990102481835 4.643252909036392 2.061647378830465 2.7561196867473403 6.592364170849034 5.068035756610413 8.751433764805116 5.105750886847282 4.706350131090941 2.486410375724679 5.849197529342364 2.7106521918941535 6.611142854097775 6.168196428133255 6.0529010252249495 5.583220579677511 7.812974441629775 5.697682234407474 8.196469433886932 5.158315229571495 1.4988391919956001 7.932338376448382 1.425113494466304 5.239775534152108 5.977100147586265 2.7591116175726875 2.5202893836836875 2.6990054311275964 5.595118949293802 2.8132569213781715 7.174134638972781 3.7598900605580052 3.5392420324582656 2.2336002806351036 0.7572440954568933 6.486752297278208 7.895276527320601 5.305872947609673 7.741063513014837 3.3505147292172466 5.491430652769585 2.450455320772242 8.320681175202935 
7.095485479315629 4.51406546684982 3.8193640922416767 4.511179491455508 6.193471374217417 1.4762336633502757 2.408941932872099 6.632174211095915 2.8167998962754877 0.8880035987541384 3.1971148944181578 4.826586743765009 5.884385668971348 6.519258715690692 3.2266940010675955 2.942469696598761 0.26208362741767083 3.4639274978638843 4.024013776560353 4.195393466667229 3.943313686285724 6.477293234805357 5.588113712668973 6.724187535903888 3.278380775550909 5.842334113986642 2.79000111520175 2.483820898648216 5.53868560700002 3.5709555048947634 3.6325255349366508 6.538671735144104 5.038666121644359 2.8173813021275635 1.7842328170792725 4.136541329122551 2.020318633007839 5.8240527015365915 4.614117112271509 4.769831107659293 0.6737817404748361 1.7252569738002046 4.318612865665602 5.48833975668773 3.343574560276789 5.52063405562842 1.269426369084793 3.346704262353164 3.9387189399979556 5.9038144625361975 
3.8261995849160884 1.4769590484160566 3.5650879045750927 1.3068004127239106 2.810417551713713 6.285620726462215 3.9676842527539593 1.8797939784524642 7.184690020638627 4.287274952701817 7.9192970789464425 8.905553344284415 3.8625644324820074 5.370888583924279 2.6103274239957273 2.461344427009817 4.62672022841163 6.167274721528582 4.414630432926668 6.205022358909554 3.903695635069275 3.3432851253595524 2.118566442242743 2.017839281398635 5.606266696960044 5.775583670154884 4.443782378741186 6.872582767814266 6.007158550023643 5.688346781569445 8.069445577897072 3.648158595261279 8.317644093839439 7.554144516201458 6.671789165118055 8.634151822083687 3.0970277555301244 1.68071145579336 3.6491410055258022 4.353325031843113 5.543143182055868 5.215647660449266 3.755902129145347 7.240054842470405 7.408382567344414 4.632692045592906 5.829219198221592 3.4242499582258583 4.690130293101974 6.69860838927553 
3.9058507951500676 2.1276707879026335 2.3206680568849216 0.9458774124545454 2.8757726277411946 5.093157501078325 3.362580528879617 3.3380588648289153 5.756111422970012 3.191441069859635 6.786260211310547 7.44931756484387 4.567587551567204 4.631698294817493 1.2125399248715205 1.00438921017881 3.378258888148772 4.727148425165914 4.329700292327994 4.82204597972559 2.664967026532828 4.398980489437111 3.1741591892523813 3.0908008008677963 4.174364117163942 4.744890152810575 3.007567800973778 5.850594079644563 4.865025702727355 5.234256855226175 6.638801836993381 4.642984500113666 7.688883118558941 6.410767232663243 5.410392426294211 7.2060125731638305 2.1896595584977927 2.2211474671584672 3.92189332156023 4.542571387585958 4.309362934234788 4.32038562342275 2.635336927359062 5.926189693043316 5.957378953153169 3.7382149619558818 4.4552782903757695 2.073689370547332 4.528845668054661 5.526784330815467 
2.071305885980915 4.714207648877941 1.524983922916563 2.180708520516601 1.6379975255241919 6.670050312020641 5.901916099528703 4.878898784545484 6.225074631434846 5.218978921722439 8.373021189120527 7.33093367148344 7.200797336709548 1.9283310268925604 2.1548937706261837 2.5764761032528622 5.047045759949135 4.263989036786148 7.049557479475269 3.829342749829237 1.592915069317784 6.797172198874783 5.56562729928234 3.524011925914327 3.7160996500910572 2.4483492009350583 2.945956474637187 7.727780629339166 2.8423262821800317 7.779578267995946 6.999904733303913 7.095761415474147 10.015407192702018 7.997764621546539 6.758169997346844 7.546040452539131 4.6249472006428896 2.4249669907949234 6.661869906487975 7.288796301085608 5.869072509382449 6.510151096379319 1.1459759333926398 4.42911829023989 6.108790851165144 1.2290387699289789 5.475152926104631 1.9364555674940545 7.226476184212181 3.542969541229714 
6.442520710603105 7.059527187693343 3.2061469283524153 5.445851413890375 6.024819540534444 4.619218799649048 6.1595812684817535 8.40871477790613 2.616950276235733 4.675644486567434 5.8549673929186525 2.9771096641778994 9.15701669548589 4.378223736512417 3.947469153509081 4.149175423818386 3.9979679812168434 0.5177681388140231 7.783073499115364 0.6820164151858576 2.9518967888394485 9.350281139166231 8.194693424888708 7.599024652734635 0.9660611151441647 3.1463359208794324 2.1302263908130885 5.891182767019619 2.5530286917084366 7.544846587365789 3.0628548702383203 9.52844537430448 8.736784498193948 5.564056201541878 4.28544499339144 3.5046542636128724 5.196094658948925 6.446108548453805 8.072384939172965 8.418244545993222 4.143313690762833 5.69395616365977 3.3366685732856833 1.6054098194285757 2.130941372294902 3.72733989400182 3.0786115170955726 3.1725160126249556 7.768425249510779 2.4942077264584306 
5.750339285871718 4.825084196193703 2.2133953961120376 3.7510933908758233 5.000382588117418 3.0859975384904854 3.811505995854489 6.48116116859386 2.677238134859319 2.400993836008641 4.71867317498306 4.302887365516214 6.798429832853259 4.720415601696844 2.1741194538733315 2.1605335708056432 1.8239131202256817 1.8783063170910004 5.418973220887367 2.417724525789448 2.230507441647472 7.073726867318922 5.9711925650662865 6.0585355514003965 1.5053707727523913 3.9518210646000522 0.9183695808822738 4.285466380103916 3.6342688812377895 5.338649126466181 3.541794414589253 7.225945822470079 6.939851519015118 4.354442641663153 3.063522844658081 4.11161636629707 2.812886106727027 4.984251116037608 5.690828652187437 6.037258617102789 2.3529862347613957 3.581117820565167 2.6597911644597922 3.7267958028707113 2.8116819636017225 3.750936435978244 1.7429434542062106 1.8275614556420097 5.423319360844735 4.014684333381291 
4.929623678788929 0.7041174039189659 3.7635632745582486 2.0243577456596826 3.884264775057373 5.277841994523939 2.7288937604180497 2.683227379089177 6.526067870629654 3.258143324267235 6.842253410149121 8.381484074091206 3.107735398833642 6.050010262467117 2.6016496589776477 2.264652835849972 3.7215709542849957 5.909454244042829 3.195521532863173 6.129110307544212 4.105342211642097 3.0083447330349458 1.8364969544179095 3.269382147042301 5.394028701864853 6.205463109452475 4.242684869732733 5.737618640437931 6.315449605664395 4.426733597022217 7.4056959563401525 3.22292342459705 7.060916481896532 6.4883616837207105 5.725378215813349 7.955169266486176 2.0183556296402765 2.8700266607197387 2.5642594963584826 3.235864952801002 4.591426047623409 4.043617616274947 4.09526245206587 7.296264976694642 6.85172189713929 5.184890895345128 5.062432643268579 3.4690462289919095 3.4556625303181714 6.968352033075344 
6.350971945220035 6.031596084457071 2.819975173618201 4.769424932320369 5.742191813500034 3.4278016789990513 4.886427832149935 7.611274320424036 1.9751175423919514 3.3862502831488026 4.821025826717418 3.220235698425293 7.997205477488932 4.786974838246206 3.1871619366847455 3.2710347422952712 2.701956662926355 0.7845019319325861 6.5169000066254785 1.5879069843248603 2.6875582946898446 8.28541413722038 7.1773497894511085 7.041049246613592 0.7794596854239243 3.7496025357275613 1.4125609726821287 4.701599596217161 3.2728976571874027 6.248185306840771 2.7198871954364097 8.437443151674564 7.514824053112431 4.497357253613847 3.1792655532319465 3.268135682959399 3.9864209519725597 5.921974249365325 6.864206961308399 7.175022136657891 2.882401926393573 4.400811946187913 3.1343774051555977 2.8337338588764522 1.8435523737056723 3.9356691942949906 1.8746657826023103 2.5940297391228855 6.490404087622458 3.451487690561394 
9.560949233018205 4.699717996917057 7.212598075196248 6.5614835296838 8.51634770313338 4.052111575856705 2.372943632964615 6.916168675896452 6.593943219442034 3.5207645259817384 4.45451096524163 8.552832142398216 3.960655046028982 9.969117614336255 6.157103895166191 5.7147927638059155 4.144037519602496 7.620376429544806 1.7441284030366213 8.31511344717149 7.461174139557566 5.154624983698536 5.091414529771674 7.989409910439186 7.392502015090326 9.610968016450004 6.675170930224491 3.2794269483110208 9.43593857343836 0.5888655764514149 7.200719284624614 4.973826176438918 2.58980027633716 4.304888865338326 4.658055174775856 7.5499159353915015 3.657375185530378 7.613459256647916 2.8822759968747964 2.341305326015586 4.124909598790062 2.46416879446583 7.703445594906839 9.620570906015315 7.246612794758435 8.970877186042985 5.240315304356358 6.738336403220274 1.4125108141514195 9.900898149791155 
7.469726086489006 5.827949839800022 3.9315217192840897 5.303443097518011 6.698927899261217 1.7498960668512122 3.9066185978543815 7.788393566324556 1.338139162160045 2.3826861196215967 3.144753900104313 3.331492864415886 7.365800609592423 6.3139352684875325 3.788375497738617 3.6625121871246016 1.6720501830258336 2.4135177247561432 5.51276320049895 3.2778454275408664 3.9251288718604127 7.900662202291102 6.942382866545963 7.606645483014086 2.4635129756230296 5.383854666998288 2.5587778199127618 3.0235271579252143 4.946923789556895 4.903122097214848 2.194600433605631 7.983501902571653 5.867932990715495 2.8088949238144876 1.4852091115061699 2.7335632721416596 3.4086555890838777 6.586355836738137 6.107902361783799 6.267286953155921 1.361762138425914 3.0255156570010038 4.364317772860979 4.469782962187315 1.8464642897206796 5.385608533920413 0.24532496331455983 3.5464850216339796 5.411727587024516 5.151474826780228 
3.6800666188800006 7.461998569753624 3.344705689282272 4.95759824405344 4.000002278482029 8.078503468388616 8.199019927545342 7.594933553729392 6.717901720842799 7.16474876602776 9.625642083310678 7.05671062980208 9.943912936725338 0.9342314767465993 4.4851151294024385 4.930275342487286 6.75892625196663 4.37527918095237 9.543677584845744 3.5330184594247243 3.085809288503451 9.58221626335929 8.348587459450263 6.06100429663853 4.0768209283906485 1.1030155792322156 4.103941712345154 9.299212109954997 1.6485200343673165 10.004634405576853 7.258177050099333 9.877830944253706 11.9161994733394 9.281709282242893 7.958404362206801 7.705271734705134 6.9265197512786125 5.083580395132862 9.304561228941754 9.888018126168593 7.367655690097232 8.454640327495834 2.875698238750433 3.19791907163818 6.318590706760167 1.6643226944192637 6.6025184462633995 3.810350656660364 9.674046332536935 1.9186985002878998 
7.151446026266602 2.3952281708475947 5.094761417246069 4.1541134852394155 6.104245734706202 3.899850233560511 0.7685595229542802 4.716964643741937 5.934486349897616 2.235720911725359 5.130407957268424 7.946977713446738 2.8110591807544987 7.76757907534812 3.9492361663441473 3.501877355368352 2.9564555203112914 6.211490098288889 1.1247173553365577 6.732288867170745 5.385217441890049 3.6181901509626484 3.080854654821655 5.609042081780908 5.841824790228043 7.584181762875055 4.892777691146782 3.899004023994157 7.512339406111281 2.076993337036613 6.729102209737424 3.5943033374133444 4.7388882684954705 4.82976127588021 4.4818518702156 7.206958731939891 1.5816823888788516 5.190138648480015 1.5030148574169124 1.6978775162188717 3.4856938922054406 2.215417498351164 5.553808190246988 8.02758378124811 6.457547370128162 6.796979917917625 4.389827994638066 4.654302124923285 1.2521100358401804 8.063151492159028 
6.149097296636194 5.757155014947565 2.599445193738572 4.5029571015341565 5.5153215440895 3.3742049076955976 4.667878700935812 7.335722504614304 2.1464326787452572 3.1858519508656293 4.833368300925741 3.4847996247421538 7.738440032079125 4.683654515140917 2.9184573181032536 2.995267691698211 2.520100266820125 0.9751045302811172 6.293628069030586 1.6848749271472765 2.4891581806603313 8.014353331723052 6.9027064275207675 6.78080361969837 0.7938582949691474 3.6998581426871757 1.1723860528875756 4.641280020980797 3.2578334811380625 6.075625177302052 2.928543548588267 8.168945515167666 7.426870957146686 4.4984500305993365 3.174245497029407 3.4848471091075623 3.737016973963041 5.666593538327768 6.616318465830947 6.939727286958632 2.779375270285284 4.244921261057796 2.9386214985698262 2.9689392231301035 2.0788819403634857 3.801931013327941 1.8353804876348705 2.3488791532120024 6.276091672587737 3.49191926476622 
1.3485466472220433 3.963656469684148 3.1902612852338876 1.8305510672619132 0.47532616619128776 7.717043553109782 6.098421414852995 3.230301522339627 7.8269456855244055 5.923443070939459 9.43659643237867 9.161299779217245 6.29800478994537 3.5398776447501916 3.071848491714558 3.2994400363175993 5.995220119215209 6.1209869565436 6.82626938036057 5.797665174084203 3.403291998512808 5.588254168089187 4.457482071507448 1.5871528531601427 5.547330429379825 4.407130039611046 4.5783887428008105 8.579245114823426 4.857102359410982 7.938901859720417 8.661503014368728 5.92964510673721 10.453398836137849 9.057153174999538 7.9457215592321475 9.225347458655692 4.9646976948976125 0.8229858116067363 6.130401074865127 6.829368263155771 6.909908365305132 7.092452934376445 3.016003067495872 6.462029996238233 7.828336373256228 3.184228952001913 6.804437797109644 3.4045828818424893 7.077434405110754 5.54982913004157 
4.526340498489539 5.545757550296557 1.2762695780309503 3.592711994022411 4.055028242641797 4.975849652720546 5.4111685294171705 6.592250707395339 3.9004878431851973 4.183443158920516 6.54905641312461 4.857796731471158 7.857302847966805 2.8947196517658202 2.2577216877071224 2.586751570851325 3.700759647639549 1.791453837591199 6.9178298983297335 1.4541934042275702 0.9879343949054049 7.845265161782371 6.633468652130934 5.656382471987733 1.2609491445580057 2.0358650696224063 1.0227308892082034 6.195981382105061 1.7657781811518642 7.103876982967368 4.607943382998752 8.068616635668883 8.84743796638543 6.1976131464862805 4.879502235614915 5.135114323028612 4.218000029112184 4.500099399190077 6.942550270743051 7.414247952808721 4.265557904231045 5.436627048215526 1.36467307836038 2.4602692716654504 3.6882550265511282 2.0096636680890834 3.522157474036694 1.3923956916800895 6.985049634098549 2.266708099354964 
9.368996002673377 6.17609991311416 6.068122070247241 6.701697315621468 8.452263927467964 0.9071988883605575 3.3598929989079336 8.465970972593194 3.2626604947119837 2.608343176089324 1.0540868878095773 5.038830150503265 6.820580377882841 8.703490148221947 5.498435296299732 5.192656514401498 2.5016047466248645 5.035416327956801 4.511390597387789 5.900262899312483 6.162690244681437 7.718039004568409 7.094739890100616 8.822585955534564 5.0641490946664245 7.903098038875496 4.905157398427937 0.4716979331988907 7.514798610342522 3.2203494341600747 3.66923945716427 7.6801937924143395 3.3138427500377636 0.7294821515135279 1.229239289195764 3.933937700035752 3.7931819321297806 8.004844077310999 5.494107497563392 5.344406324926282 1.6614112229785338 1.8856121452907615 6.558844119888479 7.084025350828664 3.962868030785742 7.722254274770274 2.4436063470760208 5.605364835650352 4.270064058453276 7.762163683747324 
5.711278210076406 3.5593883823497983 2.597575674956059 3.126167195702357 4.795144342002605 2.8777594318010484 2.483877610665449 5.459505846630196 3.608069084510141 1.3204685465937416 4.598588815041901 5.471558376552544 5.403609088475749 5.370300439318676 1.8418555537859729 1.540819623827299 1.1605608703417534 3.2856361079248533 4.050752635820222 3.7754228575900624 2.7918207458358983 5.7430946454743275 4.696813382994441 5.37691660520518 2.8876612526004184 4.8865362988797125 1.970081912027333 3.8174845483783866 4.703947574352972 4.172265479005362 4.490392875380211 5.8733998060906165 6.131505211825238 4.218911501189549 3.136798654233211 5.045072901362663 1.4062782475977031 4.438657931165007 4.283494466746884 4.640216116338935 2.071024273872007 2.6250278759095673 3.1052065407593794 5.073237645815531 3.9384699806870973 4.359789229924493 2.1942636493966257 2.10978468700984 4.08220111786605 5.192061144171074 
6.790783462265598 1.7482754361334623 5.107119179501608 3.832341262879837 5.7426907180869415 4.598558768216368 1.4855090835134135 4.021894928166716 6.504800300093088 2.808607226361495 5.877413790888099 8.500633206989118 2.1939058966084586 7.669574894514183 3.920961090270034 3.487645713682989 3.5002318704976583 6.562124864874226 1.3235375869296417 7.004435177527025 5.421233370563469 2.88716982337434 2.3326896595879103 5.040592654577052 6.145447017894471 7.615292694460559 5.116772063082543 4.650793334070989 7.606389813516667 2.7031630654965473 7.325577492989965 2.8888159345041124 5.3948684377084986 5.57151749991889 5.164738857414777 7.8217495876925325 1.8760819697958908 4.7403021814116295 1.009780386520345 1.498857906645654 4.126256825096144 2.9567059386193737 5.530827657619066 8.27572045064077 6.989037525869489 6.733368994541333 4.954513859135638 4.704180306328451 1.59374329294542 8.196569296375056 
4.562287650887933 5.164329745802728 1.0941881346818134 3.328474281832239 3.996634522101786 4.627358226673387 4.968597448979855 6.312250123341178 3.752721835579659 3.753310621566862 6.235604378167297 4.885448051467304 7.446732967513165 3.1878003228791796 1.902321124611207 2.1969966522766264 3.2909735028369176 1.843835509694563 6.476344459220064 1.7168548986451972 0.9029545658140109 7.467709700789531 6.265663823366266 5.4747472616675585 1.267298739315155 2.435644014283284 0.6266215964745432 5.828149287347257 2.2025563392001057 6.6673764199173 4.510649854701847 7.682738060471776 8.44565866206831 5.877424589334974 4.569207732857123 5.055150159770906 3.776422954234788 4.324561528065326 6.5135685545068736 6.978061826839327 3.8954041652117466 5.015759307514328 1.3450929604295079 2.8353121945725097 3.6184146475914867 2.2433442700596458 3.218407765374223 1.0651794971349007 6.542431215480655 2.70872743690093 
7.434534859468874 2.494883600633422 6.936028515718356 4.975394863939698 6.4802302627087425 7.188768431426727 4.057249535978612 3.2851190912043053 9.093085155328632 5.4136495377447105 8.356687465336925 11.072447184124654 0.6170725896826609 9.083330833063316 5.773137450584117 5.417922199046653 6.08992811224914 8.923742078713008 2.9761127753063588 9.237972828807614 7.278385543326059 0.7002563570882586 1.6376330074341334 4.972067719522495 8.448370304318866 9.354170982410587 7.331502178012778 7.103356187394537 9.485930321616632 4.632431547608694 9.925555504501597 0.40893712694068945 7.1565760529167886 8.078247593621004 7.766286153404999 10.428223128105127 4.373146431744233 5.272910195270261 1.867172866717317 2.2372140061192076 6.738000201431447 5.481994015217757 7.252942347302293 10.441476842995714 9.548840717837486 8.284433009692592 7.5452405829427995 6.638230298242328 3.2938534938704143 10.141685029616646 
6.910551336955738 2.213355907768805 6.640028565763798 4.575448158987324 5.979926719657682 7.34392296561753 4.232269357079286 2.68225996256181 9.11186882937946 5.48423936907977 8.602716047390555 11.06293488797246 1.1539742725493427 8.668628410371756 5.505966722724609 5.180726141173549 6.12815523323993 8.783011237548616 3.349852223685347 9.041154137713173 6.9846156949312235 0.1411282804867985 1.183252573501122 4.397155234355238 8.285545747711772 9.00835482203011 7.146126465419391 7.36072184828185 9.174990436732827 5.021786458304419 9.962098209591352 0.35396342931602903 7.609657711292359 8.307283882542718 7.901510465746061 10.480050866392915 4.3664890995298595 4.763974643264859 2.1924799459700397 2.684416962397627 6.8368858547537625 5.693786833275551 6.925572238454162 10.211769148450113 9.531395553006146 7.90544641460208 7.574809288150913 6.375214270046006 3.6805319024049754 9.844156116043502 
3.9764670323102322 2.399471411985326 4.927130792975179 2.60958011110177 3.190543976411802 7.849511481311912 5.296585597519881 0.5009240891106479 8.799149908422933 5.834756141886422 9.446841279137825 10.494939511548045 4.046963059744186 6.18378072429932 4.12894095011246 4.0410187846523 6.22010578670972 7.687863599937005 5.35456992467914 7.640870512567794 5.245350794675216 3.069556559593361 2.1929929193736157 1.32057346018909 7.115831029636763 6.850164356256564 5.969283332651388 8.35165746608762 7.184429635162647 6.837349026290739 9.683432480966342 3.430100114199506 9.52447241198168 9.088834752431477 8.25960482491613 10.248990163562057 4.61042723749937 2.025205335524426 4.353506633564001 5.056264119653008 7.1265647822916485 6.6547406488834016 5.009045463310219 8.57933811676433 9.008621404792027 5.636721771519576 7.445870985325355 4.877961252605177 5.670730112577718 7.889152588132639 
7.315646681837437 7.400062486127538 3.9382626640292435 6.0556300399203895 6.830426331380014 4.1103137454276775 6.110029841062154 8.948101531064587 1.7975002854492814 4.5741139394035075 5.149020316041807 2.065629766456718 9.33225002981623 5.338216348710136 4.493511795580564 4.615303903377303 3.854464943513463 1.0064964061504922 7.745507943882145 1.6459497784408594 3.728613127108323 9.649514847691194 8.545903365669211 8.285448821786716 1.5778345363779165 4.111757112318783 2.6593927416459584 5.35084218736796 3.515712905562334 7.301368512616591 2.119880149746548 9.796531616029867 8.216799042240426 4.891195567534721 3.6837098328002975 2.5424075615093096 5.30452096384861 7.1458127701395 8.16946002639093 8.440389591276979 3.780032307320813 5.422848073864252 4.145137176084733 2.3655759354296952 1.2134500761497815 4.656300853805875 2.662247932601502 3.81182233309994 7.689188043271336 3.4126787315090166 
3.6173025483760712 2.690896657545054 4.8042903640525 2.5224930167672097 2.8753007306227563 7.995401969813446 5.541449367095534 0.8657111625683223 8.832844812631993 5.991289179630988 9.618418598044302 10.481907879519735 4.437459747784703 5.903553827198811 4.086299944084298 4.041527077357952 6.3381767763187025 7.6230521634226776 5.680945019150652 7.530574521811606 5.111652846258075 3.4667270984606953 2.5747277034655163 0.9332775308080887 7.046317928480477 6.623525868620293 5.915102445250101 8.548385247944672 6.983606616584003 7.131756965997557 9.714510106363687 3.827372724263769 9.811178232603346 9.255799620897996 8.38360848856894 10.282403410411796 4.7842704997248555 1.7578569156899055 4.705248088701976 5.412143235805019 7.255163758602304 6.86647755643282 4.848020090444204 8.42541924781877 9.012333312395812 5.40165454236589 7.517826944593368 4.793631346614427 5.9921256234286515 7.688826827866523 
8.044802941619544 7.027778675920706 4.487994253216076 6.224747743787989 7.389882176441533 2.6910924327909758 5.18638420046889 8.884246708288511 0.2691382628257664 3.6649333384408553 3.58666978807161 2.05165751623337 8.64281010500992 6.4657953426802885 4.647661407297584 4.617870030360697 2.9516623008229703 2.0771667558747717 6.785022380080105 2.9556824058663667 4.385600291586622 9.148843580585819 8.15671230368034 8.532803529455462 2.421967118251972 5.355214281737954 3.050818854842427 3.873156491704479 4.817419861359668 6.088070150746842 1.0677124092347576 9.242692729789365 6.729096761204247 3.3382978548852673 2.189402213694528 1.6374100041594697 4.660933362426032 7.453802774417504 7.389567133959863 7.546265465548529 2.560366249167405 4.229318930849742 4.834943029776147 3.9030022135216718 0.5876022870762979 5.643242122867138 1.5136844292287672 4.201347195218988 6.673787492334338 4.844024043112329 
11.328257260807623 7.106534536693282 8.351540284350698 8.421540596909418 10.330151794818065 3.5537304113868338 4.247567159718373 9.427876424747005 5.936653763405508 4.470340652427118 2.750228804586637 7.571261559499677 6.764222534856864 11.094870560504749 7.549769596634587 7.163198141886341 4.734014346325165 7.7146924716990615 4.443509841823942 8.562300732752707 8.508695377979862 7.926438963423231 7.7128265972686165 10.232922736788865 7.696600799905454 10.424622723879114 7.375708620738405 2.2802832927925403 10.089624063597306 2.7752192584363575 6.228132586710893 7.767641013259221 0.6927549901097727 2.852976527779676 3.9316975323063055 6.382862533327293 5.287418408830335 9.63834856316501 5.607468358137702 5.137765557084128 4.143452918838768 3.1928984160874005 8.858248081919237 9.773108631897426 6.636643905253323 10.089691028673066 5.105071139836196 7.866527859995987 4.10982334045363 10.391091551960223 
3.827852867222769 1.5002032513971584 3.6984823812084953 1.417501047446636 2.825823757134032 6.431497371536443 4.076806734877755 1.7235772280904267 7.342466339587864 4.429708158097643 8.060028361031007 9.062686986026927 3.834370027751209 5.449331226240743 2.759656241496698 2.6169923020706576 4.7773455387670545 6.318971001502993 4.474239127422328 6.348919327648143 4.035521815769919 3.267301372282927 2.055046784179398 1.913414185148952 5.756811704624953 5.882365621210736 4.595327576627714 7.006053468662303 6.124935131798242 5.777316551244878 8.227242098614663 3.5798514880529275 8.41689057952761 7.695835987804474 6.821728813099926 8.791898020603268 3.232552153536953 1.6656694869709885 3.6763174474011344 4.384472149578221 5.692130993031462 5.342364420047731 3.8775167886331263 7.375196493873254 7.566006938636747 4.7293788445958596 5.985337748947374 3.567571401086951 4.755731766029781 6.8185460168018 
6.095072876569513 5.75007938122133 2.548593480375713 4.470051741383681 5.466473523797715 3.4315834997669556 4.693481265875252 7.312382909010124 2.2031405930038748 3.217805314431109 4.894988259130952 3.5185896813809823 7.745412596012442 4.62110542074973 2.8872232234301585 2.972514896746328 2.5575452609538125 0.9502691416396823 6.317220452677245 1.6374813338639447 2.4339719435758598 8.01145781987998 6.895214207998479 6.744103668016066 0.7392330467512536 3.637561155541973 1.1260618318323814 4.697685356307539 3.1971275521793507 6.113802531805385 2.98002685481288 8.168584843092477 7.47972040825533 4.559566494003208 3.2352381582275496 3.5348747780737173 3.7500800909022742 5.6274184954935595 6.629509983814865 6.958598379282492 2.831339895926561 4.287193171885616 2.8831601356576897 2.9263736687219866 2.1239056815417747 3.7404634086310318 1.8947852933154992 2.3050864651678125 6.302758269768161 3.4355835040664147 
7.901831271035502 5.33980196682159 4.522486437773209 5.383243370991265 7.0258532739842146 0.6749144055331092 2.9635146566504607 7.497658083117413 2.3388949295275356 1.6141561931355048 2.3764848692308655 4.34375262494021 6.5294726111406645 7.133695778221483 4.049159453621135 3.7937161061780107 1.14516702832472 3.5989858364302396 4.486358969950811 4.426826318044374 4.602435283403326 7.214412880724341 6.386033384892973 7.606465308816168 3.554388847939326 6.34068940217483 3.3342998784428923 1.8914024381347843 5.968697707497663 3.7057776190165503 3.0484911900888747 7.249324299243998 4.673767300081293 1.9988628861865874 0.9029846331198077 3.497015818923238 2.837669343237945 6.696312583667947 5.222951695493588 5.28175793176853 0.2449570971211623 1.8492244762144088 5.0064616180818415 5.663597126393427 2.9707273744595524 6.155280090542402 1.0087691762999227 4.070054407552751 4.342916794861399 6.249711793800497 
9.31445658740223 5.45884086638397 6.291777631554881 6.45804210423636 8.333022022659035 1.8079934610381656 2.52430327897886 7.79587668886498 4.387384750086395 2.4216704888836103 2.1240923019889366 6.264645405884581 5.7314722915666465 9.038983867479285 5.5043101377631976 5.12834308708901 2.6831959083119554 5.841583015595476 3.3616514643934217 6.65023733033662 6.451769380406453 6.726472993802981 6.250546699239015 8.396684798535512 5.756339302087743 8.398222099562075 5.3457877244255965 0.8905459874448801 8.088867252917092 1.9394053206776796 4.896728823186943 6.647973489323214 2.483143810270891 1.9256000009400513 2.359949167476613 5.2019476927743415 3.347189472294102 7.712326792779316 4.42885050180628 4.184243332070139 2.1918132063647726 1.1942432894413322 6.798607917893934 7.904943516234027 5.073975056753612 8.032589919169743 3.2567472143608485 5.806637516608427 3.087345246278267 8.428464148651072 
6.952592261178357 2.4319260876692104 6.827986479315234 4.716593904335814 6.045421389693786 7.644030161556926 4.534926388967306 2.631333449334474 9.392991811727441 5.7762339944881935 8.90686304805644 11.337597206927422 1.392822680667249 8.790776337436336 5.708976819537812 5.39648224325561 6.414728526397568 9.025491688053203 3.6444194742783855 9.265012758723133 7.172893450280017 0.1638761151390663 1.342138891337571 4.387537655323343 8.52161228743728 9.168807489374654 7.376211886602068 7.66491912915167 9.352290945102075 5.315680895182316 10.246038950509009 0.41322251131727517 7.891883406858311 8.611152897572962 8.199667610797608 10.766395030765047 4.647876807041725 4.825953338882633 2.4903910445842663 2.9635427190590526 7.131515325349485 5.997453407014353 7.098387564245579 10.4224947693354 9.805089096075571 8.04970463076939 7.858767899950696 6.5778035053499115 3.973640408717076 10.026928953898729 
5.103813804974977 0.4857551783277906 4.600373986274248 2.531759450999986 4.104974765479573 6.208618769513117 3.420234822107041 1.858243168845274 7.552499611881984 4.2004319443887725 7.712620332190976 9.41195882104945 2.5571702691250304 6.638270953647513 3.4963390280519357 3.211198552897092 4.712069420479205 6.908040120911014 3.4212067486109046 7.084364901886842 4.945294417243434 2.1238906944331637 0.8867883609771143 2.9475346729920924 6.3810384008006205 6.950990909642299 5.220353236686552 6.5592776617765605 7.124082763128856 4.8924291095769785 8.430718705592826 2.396089938113837 7.582050890144778 7.370313789048343 6.684700446389664 8.977987387230803 2.961607376734705 2.9354147104242276 2.4875381120184814 3.2011066461347744 5.556444871469186 4.839969579265507 4.871467967530448 8.213829247184169 7.882254894552329 5.853373342169148 6.078335986406821 4.362522725939612 3.731824083787241 7.798083551769626 
2.2745039390857484 3.3635632574858527 3.9060603617527176 1.9396529769616124 1.5450467792373204 7.889999579147764 5.872875476538365 2.2011020153387593 8.328052421282788 5.97360779934988 9.582892308332392 9.811186875248016 5.512712980810058 4.604831273891209 3.477585223923269 3.579444053365805 6.171811612440107 6.830295494090706 6.356164544808567 6.608463440940997 4.171338916236112 4.683471339095602 3.634112730606539 0.5323443040737226 6.249254993563534 5.420768435528647 5.1901185663509555 8.623131648462282 5.835238339542698 7.631283964970547 9.19010861160005 5.035996060002896 10.24053218471467 9.207823723553862 8.192838902548457 9.759422073111901 4.878151080497217 0.6746665942128484 5.528992815167038 6.241433524462839 7.102595620827464 7.031275852464187 3.837388668107078 7.378029177563076 8.409213396219258 4.1924489514429535 7.162527655424798 4.013455136900332 6.636987970802926 6.5359301405269115 
5.326410332797927 2.3492075392732117 2.8980556081044644 2.423442351551696 4.318968925716252 3.70850103903172 2.026450246841799 4.328307329946436 4.805478880375195 1.7371751660924253 5.3654032178032 6.681827425732002 4.298514372103008 5.597126332203725 1.7706849248656589 1.323691857562666 2.052279944503398 4.377646934144421 3.3182564451802787 4.744271949413781 3.189413830506122 4.550451063706543 3.4869746152790992 4.478190971805449 3.916251641829089 5.389529942360872 2.842093508437422 4.384619973393434 5.338478443235291 3.905257714315637 5.684097814957434 4.696531773741043 6.250782442357796 4.994992874485657 4.093402507864499 6.2330282016767935 0.7556532878801597 3.6920606483434564 3.289310426937013 3.757741015075583 2.962817362648557 2.8429357665458266 3.3617169568171135 5.999217827568659 5.148750939165415 4.614061233556727 3.343872536479517 2.4595304155986146 3.437795264093919 5.914116075809571 
7.302985977104051 6.256880910643671 3.736657676883647 5.4133199436047015 6.615910153319275 2.51208067446891 4.58630046247648 8.077948503774271 1.0143000819710797 3.0440632647746098 3.7606584116613724 2.7766034265062 7.960112846452092 5.879381826665967 3.838990846499458 3.804614135913696 2.316762847674436 1.70650084008183 6.211544847160227 2.597448208320789 3.6624018274534342 8.411939349304951 7.392424093301112 7.722292231476544 1.8777541787210985 4.851196442196076 2.3004566241731688 3.776442566547197 4.364349494375369 5.676658775331589 1.878542252623177 8.51991332874918 6.634065968668283 3.4539653443163565 2.1615081736006383 2.4483899577303267 3.943377052691371 6.648293038041974 6.73609886908344 6.942545557707197 2.145385707546147 3.7973620102539885 4.112167772850521 3.730387356465582 1.2426493159167267 5.005641914464283 1.0269385530399548 3.4232514432674757 6.129899790729515 4.498133291173804 
3.882940635969288 1.5354044762368853 3.9387561517574317 1.6380314602875032 2.9071673743315127 6.6560374125463255 4.23461102434222 1.4637853476405356 7.59804453098778 4.648147635439178 8.273527284668804 9.322114273738906 3.763547657076969 5.616740042412436 3.015963020080215 2.876763692091107 5.012694221930443 6.576735241112929 4.54649175906947 6.599714526048811 4.273824521771207 3.1211789837955264 1.9370359670083368 1.7930943132533232 6.013732422353581 6.088369320264216 4.853056257859448 7.205575704791966 6.345127621023783 5.897362391054902 8.482981126582793 3.4449741139124685 8.552840986524515 7.911375614414037 7.054991374884814 9.047210519612088 3.4391461896857973 1.711538595687778 3.6970413303087284 4.409428838311722 5.923556733965558 5.5301268277689 4.103917961267547 7.616295945976775 7.824681606284441 4.922846044610331 6.23424711958588 3.8183340324494592 4.8374507477634925 7.041226632628041 
9.215612478102251 8.13799899201298 5.672659811774244 7.4305523960712625 8.58469703579033 3.2004484363702783 6.075650238308059 10.05730435149902 1.0169848359073668 4.616207516994236 3.50293884820777 1.3546487180480435 9.611317161692291 7.5014422903863744 5.8553489141167 5.817707641504902 3.9433446104015566 3.056471115363938 7.61379919424122 3.858929741323476 5.552171076178953 10.19807710800932 9.252826553648365 9.739532550307516 3.4999348526690532 6.322157988942624 4.240535026797605 4.160823117475335 5.743427775365365 6.708285037514252 0.14488589679172215 10.269463579222771 6.8889952402215275 3.36893985471709 2.5923894233281386 0.433068527269237 5.709927142868558 8.662133004942895 8.323786523982921 8.408657282036376 3.3504238533404647 4.93364730122083 5.999127869234498 4.560544431628488 1.0815671057910026 6.733280508722254 2.4973665216236465 5.401477555503165 7.463473750297767 5.6576861833218235 
4.926837259405565 0.7323674745126609 4.60200265486744 2.4585399443675797 3.9430182841119605 6.420186919568989 3.667752107110027 1.607295227911372 7.705473980531279 4.40643561541498 7.94043692443835 9.544220013774646 2.719856013162889 6.549879252301709 3.529677600830446 3.2715113393383155 4.898367144731923 6.989743859355643 3.677943510496031 7.134508286066233 4.9463473787163235 2.170485705966932 0.9369541874444147 2.707624007206273 6.453988898387197 6.910003455212951 5.289064719360994 6.795385229733627 7.105463072086012 5.152184696212128 8.586295346390676 2.467410214633984 7.8415259358543725 7.595436202646601 6.886547544690167 9.13715663737798 3.1647188608745447 2.755385133289503 2.728734475409393 3.441483655583046 5.755393027834761 5.078242904161141 4.849121459405477 8.24107067149614 8.017949773772605 5.791156981928102 6.246269213536842 4.3891730819848656 3.989810171886356 7.786286550082266 
4.200862095897946 6.750838935271587 2.327039285893098 4.436931181838207 4.127352381950576 6.590434296438923 7.0127429658542315 7.349288916450677 5.175447137935566 5.840699724498194 8.103771607733119 5.625749373412427 9.173957792898033 1.7188623546843265 3.5198157670221613 3.9326663757699527 5.366760006370907 2.8366319032723313 8.464711107420069 2.019631440592392 1.9964314809570727 8.99475374164048 7.7562533656150725 6.069143714241674 2.533872942652585 0.4507348249241027 2.688872752781266 7.8300653094130865 0.29906238901980386 8.746825884538364 5.7359883627426145 9.255555976805589 10.509734502979564 7.765283362875199 6.440660820205181 6.19876606707979 5.779947053816583 4.958645243936812 8.377456849307203 8.901071139326307 5.907101719765811 7.1014347390874635 1.9994431421440373 2.024229821088577 4.793745168875771 1.395319623936393 5.089489666964897 2.7062615517304947 8.556865399366183 0.9984141984746602 
2.8956590107517446 2.663939761729977 2.264199882606409 0.11662620447484809 1.8551422639884558 6.032677150876241 4.380973018502381 3.0663610952406533 6.426287313439943 4.1885003607551505 7.742769166588667 7.972190403616092 5.145785549794609 3.9964833155421395 1.5812343248990424 1.666833618973182 4.307629026001511 5.067026404668652 5.247140230655787 4.9787141520106175 2.5867270249363368 4.7353477899813186 3.4998326048646238 2.3061495648438646 4.488701369335031 4.371589246249154 3.3703441197111634 6.84822202162672 4.620372212078151 6.242629736954099 7.2942703946549505 5.0288799136595665 8.718409456095285 7.364704342399149 6.304902030941761 7.864105740522932 3.2203968651574018 1.271881842552489 4.704457415582247 5.368231839538751 5.233850657552065 5.345382405957592 2.3848934881960364 5.929128259907993 6.536716589290509 3.22885898657765 5.249193514857122 2.2333961575010535 5.470257654846625 5.317232375042585 
