20
40
958.3862430472752 1404.1230412195073 1599.080022683179 762.0160739595035 1458.5963485082855 883.5542919255506 1440.616761054284 801.5130006196357 1459.14871832089 1681.6058349005189 1262.0106882604011 1356.127205601479 1190.4177936321273 1516.6750362516625 491.9553270278918 1066.5119639418551 1007.8141951604971 729.3804904623199 618.8647413092684 1640.606615393662 
73 159 234 46 196 70 175 59 181 218 129 169 127 200 17 98 90 46 31 223 
22 7 11 16 7 20 8 17 20 29 13 33 30 13 10 30 14 31 34 15 35 15 19 18 8 6 25 33 33 23 18 33 35 19 35 19 33 21 24 18 
3.4203455533754186 4.6545175094599305 4.660505683870269 4.296914375715881 5.375929655971634 4.434477584004805 1.7697091643981577 6.326961408522535 4.689610330464178 5.109446542456845 3.8751192746481027 2.1352669422252615 4.072831220381341 1.9720061687466912 2.922174817625634 2.2579655719102627 5.236654974387579 5.2462807358466215 4.036341773822154 4.803871017145592 2.2335790863932568 5.28877004949731 4.286871196803549 5.431000212336898 0.8420138250736164 2.8377652230882737 4.933254654684229 5.415005921399265 6.468742245230997 2.6707987416269208 1.1521719071943228 4.608070796735749 3.854170204205447 4.28091267445959 5.596604231265885 2.2779180559559333 4.972629194677657 4.634428837133651 0.7876071220240219 4.23795136231185 
4.279961707335603 0.7604677999295434 4.588229580175347 5.698747340990736 5.277441735178202 8.068975878993966 3.484352901684893 9.277297314409596 3.557635102500731 1.6088558354986746 2.0164418349501054 4.8893441028117754 7.895997987518363 4.118813827548902 5.4722089622650625 5.96008654321437 8.43665855651236 4.36576026768305 3.8376460018108483 7.2340966524585575 6.10159354760511 8.370189040362945 6.742443692397306 9.056229772073992 3.9653712226236104 3.2517959169018607 8.394818158287244 2.943001314382381 9.331365063236701 2.201359890679167 4.77632218926226 7.372130380770683 7.676206948248136 4.184304136476807 8.332446698834572 3.4406661407483736 5.479429896996425 1.1070963490318668 4.678624852751218 1.5871105176560365 
3.642297278596783 6.580412134602696 6.541411961664147 5.7295335492904576 7.197108776658422 3.8123758733479884 2.6743184325139318 4.399277420369214 5.528897337217568 6.80413531595895 6.005791803468668 1.6310479747439324 2.0921210687832037 2.2783403483119837 2.0154243578463436 0.12989654747438298 3.2262541975026577 7.242644663603038 4.618952785395837 5.5307990080512965 0.7458667522725833 5.335134778899988 5.094169191563276 3.303640427986563 2.6717468646757103 3.677508546534946 4.536529884478133 6.67692599926974 4.581282030889704 4.094050826394837 2.157119495204279 5.092461988858118 1.875671456105048 6.206649468740383 5.943585992223651 4.250068697447607 4.8504934976371965 6.682117502732297 1.4551298364182896 6.353107345633427 
4.619000821053809 9.281063075877187 10.53764758151692 9.836433188929087 11.229334891383036 7.1252069592171505 5.218650785927221 0.7745320712528448 6.506588064660569 8.981581988461928 9.509828212632758 3.924453511023832 3.953085439908239 4.581238697818563 3.212608800897322 4.028939836640964 1.3150627125794547 11.139477280701424 5.556101591552277 9.50924896248431 4.64141262069112 8.964643625462553 9.115079766005001 2.897087202763584 6.628814397932388 5.485493960366785 7.916675106768443 8.0685590008257 0.7093506082239696 6.463705065766257 6.246524283573315 8.992278266906915 3.954086403051577 10.170509717449763 9.719861063511633 8.16975263263977 4.459612670622003 9.701451805447896 5.443385632148882 9.67115069603484 
5.049629084595494 3.8534015501186447 2.5110237735862806 2.720302545174965 3.2566456183397356 5.1489975828855155 3.42224342326627 8.520931796868863 5.6151428447200535 4.780085570472574 2.1066696582735913 4.266891815485485 5.9272790708550005 3.887612031215485 5.0532736254027135 4.346074277422961 7.412066931784157 3.048340624642628 5.301524251241901 4.0430841824781 4.104117866510977 5.1943723317452575 3.544099485620651 7.452227718278697 1.5652242702369035 4.152044136408279 5.344465447035316 5.742572271692678 8.66596415346145 3.4080405475318765 2.2878085857412653 4.17201730177611 5.720705591060245 2.107636522300319 5.130300444069488 0.24736165302654872 6.616233607763839 3.4210454664775187 2.772548467435714 2.6880695397502703 
4.480392039818756 8.943793066009443 9.845560253779798 9.057796409727954 10.519611842220778 6.240020626716133 4.795206692312774 1.0772659039562014 6.477538696475761 8.757949215455971 8.976885038468323 3.4217498911589757 3.0694343908816824 4.156832611541826 2.8060467127179445 3.249144710096269 0.5043858957030715 10.490784370349498 5.49180526112845 8.660024506634242 3.8197676384319728 8.083776178030583 8.276549112880335 2.139472032578894 5.938459866799819 5.229415548347251 7.0314393998983995 7.997742701991724 1.242224468384854 6.135154759602315 5.495175384519201 8.131826239256696 3.0684382029437245 9.492306329277106 8.84568305261056 7.502072012645855 4.628343128404779 9.294054145652918 4.731168044945889 9.188840458916408 
3.507815292533821 7.615538397783049 8.348578879597051 7.615874626441648 9.028528731316563 5.2358950581239565 3.4389626564375653 2.5796963434745583 5.570139337335646 7.550231686229056 7.504806933869096 2.028248443965462 2.3740309349928985 2.8191981729116753 1.5930206910560019 1.8157097464670835 1.534657085627236 8.988337881792962 4.571757529970895 7.3585160166439145 2.4679725630811573 6.969335859353314 6.943347065692571 2.42739782820132 4.439342928303931 4.054589061351547 6.0166750363554105 6.992748717155686 2.7328327988499463 4.849657778967094 4.026277831835269 6.876045116578492 2.2690555770126033 7.992261503305963 7.66368894955362 6.000215414952807 4.134252835298675 7.902346898915182 3.2375709362748237 7.744162671216853 
5.8304045066797 10.307524688340884 10.989591068317315 10.059187298804183 11.635975290017988 6.754610517465908 6.149180468042115 0.701429630833206 7.8004554506407064 10.125834545374246 10.27112629315601 4.760345639904761 3.571222761274524 5.513084213331878 4.171331127074012 4.34158010493878 1.2428862995306893 11.6844314962745 6.824375390052969 9.450898489827345 4.795420128151847 8.661729144477317 9.114934840260169 2.051507794811472 7.112030401361694 6.59768590703354 7.529901226071241 9.337060072881556 0.9356690333974733 7.501963569030399 6.585966539777256 8.872628519172022 3.6518133097859917 10.655793047180168 9.486360467289899 8.689162970814282 5.846574330628012 10.642626176434922 5.892960375649486 10.50962602063954 
2.4584128489179595 6.268750559687545 7.24525339831427 6.72814173429912 7.956194257688123 5.198618751722581 2.0932141379822062 3.832315526234277 4.478444046003388 6.2406833974002565 6.207081214325598 0.6806716080182879 3.014114113071088 1.485195450381316 0.6307070889666371 1.4168994095612435 2.8771911392111926 7.813318766684894 3.5056031003401786 6.7821009677590895 2.1347819330290645 6.70479649241726 6.316651455460397 3.6291942917332247 3.363443995903544 2.7990292435635666 5.925436171897171 5.802128639786687 3.943360845806189 3.520214250439746 3.1411060770207033 6.393079196504624 2.833276117349534 6.865395795738285 7.2793434628556195 4.86253314457778 3.499559684245881 6.5550085216448375 2.2608173469785617 6.417860719718415 
2.883006773002372 7.579254734184291 9.2373734271018 8.773755662251805 9.961659197062493 6.840792788283099 3.611406029549422 2.4636292435511637 4.798827257193451 7.248000313295489 7.962752610284596 2.4719644915054 3.9950868697849917 2.9930785488417317 1.6879818651132241 3.2078195290345417 2.1673565716758336 9.748895289266219 3.8335395991447547 8.760478285826824 3.9299133372301664 8.518922390882608 8.311898096457776 3.6658085751566576 5.39202889267849 3.7664599996948693 7.61338874661203 6.348678243725923 2.4447035312195893 4.7696623616326725 5.182420762753907 8.329153550571245 3.901739431285298 8.844952758241506 9.168047764085978 6.849404955942719 2.8915144930974153 8.037906854486556 4.3060888031842515 8.068892029821345 
4.2841213675662635 1.4726905942417134 3.9278102600785827 4.934695514643938 4.64610678800773 7.336398779132458 3.20268285412382 9.011057533128481 3.94066262559968 2.384254938518363 1.4846450338743593 4.557675811820776 7.346244825012004 3.841295937867752 5.211491343315392 5.449907965064757 8.098086948477604 3.825496585259235 4.03351000402537 6.447036742748983 5.519786731614267 7.589493022036752 5.954820846405965 8.595641641029632 3.2586945115545696 3.2312286432492976 7.6386190225494595 3.5802236892751726 9.087192495661606 2.1668035056964547 4.0828057441196774 6.5857157969687545 7.126604974736662 3.5087732013673163 7.544908052242858 2.6530097728952984 5.6323568170412734 1.3625083657482016 4.0749114227951395 1.3121170436985023 
5.6086418350429454 8.625146845185851 7.760757543573494 6.502767198277047 8.304374878100898 2.8987375182069925 4.796950186113938 4.165393463114606 7.583808092400671 8.91375855285989 7.7763707650797445 3.639812043465712 0.3091863688991332 4.369141399035087 3.742633588851974 2.0088262322252075 2.9804770672002503 8.604929498428714 6.6370831962031085 5.632891434783918 1.7766603660881695 4.792062273218406 5.342495089138655 1.9783716449111144 4.26968753205016 5.774976061404972 3.6850909492276074 8.78883494926382 4.4254049020028585 6.2153203567703175 3.502957574303138 5.02805221664946 0.3537573438043131 7.504491608496078 5.612250644043276 5.739205137855562 6.589311470155263 8.644663622923934 3.2271295678804117 8.210385167632156 
1.52075632327798 3.487084218936285 6.044075387208938 6.326894288375624 6.808343358993641 6.8514976671605385 0.939337959513949 6.446874825469639 2.1884038699264656 3.3353915770495464 4.131208216647218 2.24215366440243 5.674080261828794 1.4300767108740111 2.6768780650477204 3.723203400162344 5.68918389126379 6.265904645367435 1.6407436207794222 7.200441387659805 4.136093117174083 7.789337266757536 6.675389337841801 6.528572584445813 3.1623636791495917 0.49191747309419936 7.403523407693985 3.0788181141667166 6.486118773652284 0.6702728094016159 3.653004648707693 7.070284473121296 5.4644070707202115 5.609270688848797 8.06701596377252 3.8858658555110654 2.998307506422075 3.952386243016381 3.042081886454429 4.092357427196492 
3.143934421546379 3.437000303666451 7.9167962412941595 8.722170991273437 8.639661863780459 9.835058655399338 3.9003397898568233 8.340512112459757 1.0927791818013308 2.3286246117208944 5.425083792795249 4.958940587110576 8.492281590171253 4.227164599486178 5.073537715743747 6.604897939088624 7.914163494976276 7.783795305112667 2.088504901280297 9.916399323878636 7.088173458415619 10.683499504603319 9.393202396643062 9.074053919856663 5.988755634365159 2.8284722717976236 10.369102050400233 0.6618397372024819 8.290336189420307 2.7949417348809895 6.584708410218312 9.876940249237997 8.294179400967852 7.492688293536814 10.877213859956324 6.255581267383405 3.2823138789911432 4.315118497027689 6.0268426525848495 5.006280344515455 
3.068305677825074 6.05516389656533 6.389438319272866 5.749927438795882 7.076778531735725 4.30474623944951 2.076239013367906 4.541613430828885 4.9270008745823155 6.230892881236318 5.629928228864266 1.0710868900274184 2.672706234109375 1.6734484093639146 1.5987071331061196 0.7134991881314333 3.4382849749486635 7.026993051957664 4.02597467264086 5.755668384510342 1.262110644012035 5.7193559630056034 5.290719804956278 3.7534913826202683 2.4790519228099797 3.0712351980301538 4.999158824634915 6.072017244936941 4.694533316939483 3.508616424896538 2.1453907818412383 5.371750011080354 2.459757956234502 6.030054485091379 6.2680910630285505 4.0373815894308 4.342412343591629 6.204170260081114 1.295969942060914 5.931813468014311 
7.740598338706601 7.288547886494241 3.409762870356991 1.5362601824027395 3.562850169283276 3.1883280781704757 6.077865406332484 9.390362024962874 8.82038557723938 8.261704202511707 5.195618549707009 6.218845283887028 5.766203211725499 6.268449395890205 6.92935797978663 5.250017450367059 8.159399021495084 4.413115234556965 8.298010528950819 0.560370974336836 4.594106504489556 2.08383517130797 0.17979110007244778 7.471970238895443 3.5399130630316367 7.088617435733582 2.8549797525172886 9.16751687399351 9.612682354839773 6.623194109628509 3.325926751943685 0.9352919505395949 5.640690642012013 3.4441860277482435 1.7047600911054948 3.2391605552039815 9.287790297794654 6.7329067096313615 4.212867285054249 5.868460259580836 
0.7880227739003137 4.026721804822426 6.8738493695036995 7.1214016125835276 7.638122003199278 7.322408780100168 1.378714630100112 6.044014839040974 1.7090134112839648 3.6365972165116354 4.91914448441989 2.259238777365668 5.792537459723402 1.547515598421142 2.446034522934308 3.918177858239358 5.417364048722869 7.087325617629743 0.9043415955541125 7.910789248400776 4.441394554688435 8.395884073587288 7.388268332526312 6.438113121023785 3.8669802810781517 0.34166267415755835 7.9233820986789025 2.9654720306487676 6.051364269412743 1.3555872852841486 4.262502825601978 7.740074549185842 5.594713446492287 6.439068452128342 8.729293729774335 4.699248960833093 2.1720502543790072 4.598117821330415 3.5499585290113793 4.832248187650471 
8.57061614081257 5.041424413223866 1.7823012691479403 3.56209379582413 1.5689298581219393 8.044996613796169 7.124602139249827 12.468293230857663 8.434932324250028 6.280269734415008 3.01396441502179 8.16419464953827 9.676842050082723 7.680426343326271 8.939400845754127 8.260882255389015 11.352657260765335 0.9045571553160687 8.493144271743304 5.4820426908742 7.934141171607143 7.16966357745405 5.265222630255311 11.288982635877375 5.477030346092907 7.546788944574895 7.891105001916825 7.856426723858311 12.612663905213477 6.548755092281513 6.07628164706229 6.030987455968439 9.485155649120628 1.9897252956879743 6.599194639369762 3.8991418120741406 10.0374644420502 4.1461921336069985 6.69628564139325 3.3666435746985024 
5.018954992479818 0.3474748199247709 4.630794856528101 5.9577320533243325 5.257980864533824 8.683001318432721 4.278543967334273 10.067214821815789 4.094323298612467 1.5857002206125934 2.0315600193234933 5.683615201455018 8.65500371071641 4.912513666029503 6.26380950168775 6.730637502797604 9.230972894425314 4.238043350986615 4.496599464132979 7.618563713000056 6.845441744078913 8.856466199601105 7.147053978407339 9.840609822440584 4.616824003888539 4.007827814406712 8.963383536730458 3.20291935869745 10.118596304340867 2.9743634548215407 5.441427357442859 7.815714840186459 8.435123732609796 4.263266489899946 8.749429134897817 3.8849443274492597 6.143148444585461 0.5513843791082239 5.4095732653603825 1.414744015146525 
6.8184545305339315 8.852775021290105 6.869989884026918 5.306779677769794 7.282340208044603 1.0146458947829138 5.621261849846927 6.0789045538996325 8.61558981219876 9.388269830221795 7.519378612621774 4.81512848007912 2.229179287516076 5.375580538794088 5.166012467397461 3.134938558200001 4.901114570724704 7.813920583141321 7.756224149017559 4.034355572528065 2.4896618766842304 2.9333112271400017 3.8597289794330085 3.753881764120075 4.154165659892576 6.715323549506429 1.779452661454177 9.598402181081651 6.341733838210909 6.874945012413274 3.3284157800482426 3.3764070699629887 2.223151495236685 6.705344684442293 3.7998472992403465 5.286433113695622 8.032133118080722 8.675066809045859 3.5563512300216544 8.065733449669603 
